           -6   -1.014950285591431     
           -5   -1.013094788961221     
           -4   -1.011092080737767     
           -3   -1.008932854714463     
           -2   -1.006607434497209     
           -1   -1.004105777889706     
            0   -1.001417483283235     
            1  -0.9985317981675614     
            2  -0.9954376298739660     
            3  -0.9921235586544138     
            4  -0.9885778531926092     
            5  -0.9847884886329789     
            6  -0.9807431672026055     
            7  -0.9764293414886979     
            8  -0.9718342404204189     
            9  -0.9669448979887778     
           10  -0.9617481847219239     
           11  -0.9562308419155761     
           12  -0.9503795185995945     
           13  -0.9441808112019386     
           14  -0.9376213058505599     
           15  -0.9306876232322974     
           16  -0.9233664659057158     
           17  -0.9156446679422046     
           18  -0.9075092467467355     
           19  -0.8989474568866287     
           20  -0.8899468457337075     
           21  -0.8804953107025564     
           22  -0.8705811578454256     
           23  -0.8601931615429080     
           24  -0.8493206250090573     
           25  -0.8379534413103584     
           26  -0.8260821545801466     
           27  -0.8136980210939051     
           28  -0.8007930698565995     
           29  -0.7873601623410243     
           30  -0.7733930510062667     
           31  -0.7588864362179887     
           32  -0.7438360211875102     
           33  -0.7282385645447405     
           34  -0.7120919301610301     
           35  -0.6953951338420649     
           36  -0.6781483865181067     
           37  -0.6603531335692358     
           38  -0.6420120899367716     
           39  -0.6231292706887843     
           40  -0.6037100167274320     
           41  -0.5837610153487673     
           42  -0.5632903153915073     
           43  -0.5423073367398865     
           44  -0.5208228739770027     
           45  -0.4988490940187397     
           46  -0.4763995275942318     
           47  -0.4534890544766196     
           48  -0.4301338824072694     
           49  -0.4063515196973674     
           50  -0.3821607415325107     
           51  -0.3575815500482804     
           52  -0.3326351282873992     
           53  -0.3073437881916025     
           54  -0.2817309128233936     
           55  -0.2558208930540392     
           56  -0.2296390589941056     
           57  -0.2032116064811833     
           58  -0.1765655189758208     
           59  -0.1497284852507564     
           60  -0.1227288132899743     
           61  -9.5595340842606638E-002
           62  -6.8357343101994997E-002
           63  -4.1044438002053249E-002
           64  -1.3686489641239875E-002
           65   1.3686489641239875E-002
           66   4.1044438002053249E-002
           67   6.8357343101994997E-002
           68   9.5595340842606638E-002
           69   0.1227288132899743     
           70   0.1497284852507564     
           71   0.1765655189758208     
           72   0.2032116064811833     
           73   0.2296390589941056     
           74   0.2558208930540392     
           75   0.2817309128233936     
           76   0.3073437881916025     
           77   0.3326351282873992     
           78   0.3575815500482804     
           79   0.3821607415325107     
           80   0.4063515196973674     
           81   0.4301338824072694     
           82   0.4534890544766196     
           83   0.4763995275942318     
           84   0.4988490940187397     
           85   0.5208228739770027     
           86   0.5423073367398865     
           87   0.5632903153915073     
           88   0.5837610153487673     
           89   0.6037100167274320     
           90   0.6231292706887843     
           91   0.6420120899367716     
           92   0.6603531335692358     
           93   0.6781483865181067     
           94   0.6953951338420649     
           95   0.7120919301610301     
           96   0.7282385645447405     
           97   0.7438360211875102     
           98   0.7588864362179887     
           99   0.7733930510062667     
          100   0.7873601623410243     
          101   0.8007930698565995     
          102   0.8136980210939051     
          103   0.8260821545801466     
          104   0.8379534413103584     
          105   0.8493206250090573     
          106   0.8601931615429080     
          107   0.8705811578454256     
          108   0.8804953107025564     
          109   0.8899468457337075     
          110   0.8989474568866287     
          111   0.9075092467467355     
          112   0.9156446679422046     
          113   0.9233664659057158     
          114   0.9306876232322974     
          115   0.9376213058505599     
          116   0.9441808112019386     
          117   0.9503795185995945     
          118   0.9562308419155761     
          119   0.9617481847219239     
          120   0.9669448979887778     
          121   0.9718342404204189     
          122   0.9764293414886979     
          123   0.9807431672026055     
          124   0.9847884886329789     
          125   0.9885778531926092     
          126   0.9921235586544138     
          127   0.9954376298739660     
          128   0.9985317981675614     
          129    1.001417483283235     
          130    1.004105777889706     
          131    1.006607434497209     
          132    1.008932854714463     
          133    1.011092080737767     
          134    1.013094788961221     
          135    1.014950285591431     
