          -6  -1.0308912331019848     
          -5  -1.0267402006622299     
          -4  -1.0223812933550362     
          -3  -1.0178073182681897     
          -2  -1.0130110373654992     
          -1  -1.0079851809086253     
           0  -1.0027224616223429     
           1 -0.99721558958812972     
           2 -0.99145728784710785     
           3 -0.98544030868941124     
           4 -0.97915745060302928     
           5 -0.97260157585110130     
           6 -0.96576562864254101     
           7 -0.95864265385675396     
           8 -0.95122581627913150     
           9 -0.94350842029994431     
          10 -0.93548393002528774     
          11 -0.92714598974483009     
          12 -0.91848844469735147     
          13 -0.90950536207142951     
          14 -0.90019105217516815     
          15 -0.89054008970561560     
          16 -0.88054733504547289     
          17 -0.87020795551191754     
          18 -0.85951744647984718     
          19 -0.84847165229964439     
          20 -0.83706678692766923     
          21 -0.82529945418614414     
          22 -0.81316666756790978     
          23 -0.80066586950074092     
          24 -0.78779494998551003     
          25 -0.77455226452250503     
          26 -0.76093665124065990     
          27 -0.74694744714533834     
          28 -0.73258450340164494     
          29 -0.71784819957202839     
          30 -0.70273945672917315     
          31 -0.68725974936787693     
          32 -0.67141111604275183     
          33 -0.65519616866218144     
          34 -0.63861810037299016     
          35 -0.62168069197472775     
          36 -0.60438831680733585     
          37 -0.58674594406120650     
          38 -0.56875914046426079     
          39 -0.55043407030664027     
          40 -0.53177749376988137     
          41 -0.51279676353401404     
          42 -0.49349981964285428     
          43 -0.47389518261481417     
          44 -0.45399194479378507     
          45 -0.43379975994204900     
          46 -0.41332883108466506     
          47 -0.39258989662235400     
          48 -0.37159421473749860     
          49 -0.35035354612546671     
          50 -0.32888013509098357     
          51 -0.30718668905671337     
          52 -0.28528635653848627     
          53 -0.26319270364870795     
          54 -0.24091968919634713     
          55 -0.21848163845850166     
          56 -0.19589321570482235     
          57 -0.17316939556201608     
          58 -0.15032543331120182     
          59 -0.12737683421602780     
          60 -0.10433932198414339     
          61  -8.1228806468824064E-002
          62  -5.8061350721246192E-002
          63  -3.4853137507080641E-002
          64  -1.1620435403694306E-002
          65   1.1620435403694306E-002
          66   3.4853137507080641E-002
          67   5.8061350721246192E-002
          68   8.1228806468824064E-002
          69  0.10433932198414339     
          70  0.12737683421602780     
          71  0.15032543331120182     
          72  0.17316939556201608     
          73  0.19589321570482235     
          74  0.21848163845850166     
          75  0.24091968919634713     
          76  0.26319270364870795     
          77  0.28528635653848627     
          78  0.30718668905671337     
          79  0.32888013509098357     
          80  0.35035354612546671     
          81  0.37159421473749860     
          82  0.39258989662235400     
          83  0.41332883108466506     
          84  0.43379975994204900     
          85  0.45399194479378507     
          86  0.47389518261481417     
          87  0.49349981964285428     
          88  0.51279676353401404     
          89  0.53177749376988137     
          90  0.55043407030664027     
          91  0.56875914046426079     
          92  0.58674594406120650     
          93  0.60438831680733585     
          94  0.62168069197472775     
          95  0.63861810037299016     
          96  0.65519616866218144     
          97  0.67141111604275183     
          98  0.68725974936787693     
          99  0.70273945672917315     
         100  0.71784819957202839     
         101  0.73258450340164494     
         102  0.74694744714533834     
         103  0.76093665124065990     
         104  0.77455226452250503     
         105  0.78779494998551003     
         106  0.80066586950074092     
         107  0.81316666756790978     
         108  0.82529945418614414     
         109  0.83706678692766923     
         110  0.84847165229964439     
         111  0.85951744647984718     
         112  0.87020795551191754     
         113  0.88054733504547289     
         114  0.89054008970561560     
         115  0.90019105217516815     
         116  0.90950536207142951     
         117  0.91848844469735147     
         118  0.92714598974483009     
         119  0.93548393002528774     
         120  0.94350842029994431     
         121  0.95122581627913150     
         122  0.95864265385675396     
         123  0.96576562864254101     
         124  0.97260157585110130     
         125  0.97915745060302928     
         126  0.98544030868941124     
         127  0.99145728784710785     
         128  0.99721558958812972     
         129   1.0027224616223429     
         130   1.0079851809086253     
         131   1.0130110373654992     
         132   1.0178073182681897     
         133   1.0223812933550362     
         134   1.0267402006622299     
         135   1.0308912331019848     
