          -6  -3.6411982866178430E-002
          -5  -3.0770554624812409E-002
          -4  -2.5140023488293216E-002
          -3  -1.9527011324232946E-002
          -2  -1.3932473893690560E-002
          -1  -8.3530744385377463E-003
           0  -2.7832719722114272E-003
           1   2.7832807218632844E-003
           2   8.3531452437129589E-003
           3   1.3932929196575456E-002
           4   1.9529257682896341E-002
           5   2.5148775972024875E-002
           6   3.0798156898388857E-002
           7   3.6484108757191061E-002
           8   4.2213383269385493E-002
           9   4.7992783598934087E-002
          10   5.3829172431148931E-002
          11   5.9729480121712336E-002
          12   6.5700712926051480E-002
          13   7.1749961318839289E-002
          14   7.7884408413500514E-002
          15   8.4111338491720755E-002
          16   9.0438145653086499E-002
          17   9.6872342595127475E-002
          18  0.10342156953418635     
          19  0.11009360327770978     
          20  0.11689636645873280     
          21  0.12383793694352210     
          22  0.13092655742354953     
          23  0.13817064520318523     
          24  0.14557880219473335     
          25  0.15315982513267776     
          26  0.16092271601926789     
          27  0.16887669281384698     
          28  0.17703120037861675     
          29  0.18539592169383479     
          30  0.19398078935576304     
          31  0.20279599737101986     
          32  0.21185201326134098     
          33  0.22115959049312298     
          34  0.23072978124650870     
          35  0.24057394953917677     
          36  0.25070378472041943     
          37  0.26113131535153161     
          38  0.27186892348899377     
          39  0.28292935938740837     
          40  0.29432575663964960     
          41  0.30607164777220364     
          42  0.31818098031421799     
          43  0.33066813335934214     
          44  0.34354793464002320     
          45  0.35683567813453421     
          46  0.37054714222764029     
          47  0.38469860844646747     
          48  0.39930688079382348     
          49  0.41438930570192550     
          50  0.42996379263023049     
          51  0.44604883533182549     
          52  0.46266353381363123     
          53  0.47982761701649523     
          54  0.49756146624210518     
          55  0.51588613935454197     
          56  0.53482339578520777     
          57  0.55439572237082391     
          58  0.57462636005517742     
          59  0.59553933148632410     
          60  0.61715946954201750     
          61  0.63951244681723618     
          62  0.66262480610882435     
          63  0.68652399193344316     
          64  0.71123838311626086     
          65  0.73679732648907614     
          66  0.76323117173789012     
          67  0.79057130744130699     
          68  0.81885019834255690     
          69  0.84810142389939680     
          70  0.87835971815767000     
          71  0.90966101099586383     
          72  0.94204247078965120     
          73  0.97554254854706679     
          74   1.0102010235667356     
          75   1.0460590506733614     
          76   1.0831592090865712     
          77   1.1215455529811407     
          78   1.1612636637986393     
          79   1.2023607043726123     
          80   1.2448854749315663     
          81   1.2888884710462660     
          82   1.3344219435901414     
          83   1.3815399607840144     
          84   1.4302984723988108     
          85   1.4807553761925023     
          86   1.5329705866601593     
          87   1.5870061061787606     
          88   1.6429260986706464     
          89   1.7007969672959340     
          90   1.7606874591145738     
          91   1.8226690103674281     
          92   1.8868176029670156     
          93   1.9532220275651435     
          94   2.0220100735572677     
          95   2.0934046170341891     
          96   2.1677959134820028     
          97   2.2457706806504580     
          98   2.3280412908462775     
          99   2.4153105378994688     
         100   2.5081792645303418     
         101   2.6071471205194201     
         102   2.7126639290604047     
         103   2.8251758510460303     
         104   2.9451490488362695     
         105   3.0730786475524390     
         106   3.2094923307089567     
         107   3.3549527507139119     
         108   3.5100598726972803     
         109   3.6754534504770229     
         110   3.8518156653192079     
         111   4.0398739396583849     
         112   4.2404039374193898     
         113   4.4542327633156811     
         114   4.6822423743200128     
         115   4.9253732173783824     
         116   5.1846281083713368     
         117   5.4610763683217707     
         118   5.7558582339094073     
         119   6.0701895604835290     
         120   6.4053668369719770     
         121   6.7627725333708728     
         122   7.1438808028713048     
         123   7.5502635621419039     
         124   7.9835969748460283     
         125   8.4456683651354183     
         126   8.9383835886790965     
         127   9.4637748562370678     
         128   10.024008456629169     
         129   10.621386736600678     
         130   11.258308970008374     
         131   11.937045581690487     
         132   12.658945692175253     
         133   13.422563720672068     
         134   14.220854530092547     
         135   15.039308382805118     
