 ***********************************
   FLAT-PLATE BOUNDARY LAYER MACH 2 
 ***********************************
 Skin friction        =   2.761065324902581E-003
 Friction Mach number =   7.436891936483291E-002
 ***********************************
 Reynolds numbers:
 ***********************************
 Retau    =   447.765635649893     
 Redelta  =   24791.8559707960     
 Retheta  =   2081.61280846502     
 Redelta2 =   1327.44937901316     
 ***********************************
 Shape factors:
 ***********************************
 dstar/delta99 =   0.251322274401974     
 theta/delta99 =   8.396357299417564E-002
 H             =    2.99322986671146     
 Hinc          =    1.42525787159296     
 ***********************************
 Wall-normal profiles:              
 ***********************************

      y/delta99          y+            u+             u_vd+         urms+          vrms+           wrms+          uv+      sqrt(rho/rho_w)     prms+          trms+         rhorms+     y+ du_vd+/dy+      S(u)            S(T)           F(u)           F(T)           omx+           omy+           omz+

      0.0000000      0.0000000      0.0000000      0.0000000      0.0000000      0.0000000      0.0000000      0.0000000      1.0000000      2.5793229      0.0146245      0.0199718      0.0000000      1.0215256     -1.0409387      4.8187674     16.5334737      0.2588130      0.0000000      0.4098837
      0.0016459      0.7369738      0.7377926      0.7379337      0.3011420      0.0083597      0.1846642     -0.0008052      1.0003823      2.5657885      0.3031539      0.0185859      0.8240777      1.0215256     -1.0409387      4.8187674     16.5334737      0.2335984      0.0250689      0.4068516
      0.0032925      1.4742782      1.4752355      1.4760105      0.5985084      0.0243691      0.3403047     -0.0048372      1.0013371      2.5722248      0.6578778      0.0176176      1.4499767      1.0391641     -1.4099939      4.7832753      9.6586339      0.1927527      0.0501490      0.4040649
      0.0049406      2.2122436      2.2100643      2.2123641      0.8906922      0.0470427      0.4691287     -0.0147669      1.0028129      2.5631704      1.0442086      0.0173628      2.1998779      1.0260766     -1.6880933      4.6113398     10.1341319      0.1630643      0.0748691      0.3994247
      0.0065910      2.9512012      2.9377826      2.9428573      1.1726781      0.0753707      0.5765512     -0.0329876      1.0048134      2.5750743      1.4853320      0.0184459      2.8959433      0.9783812     -1.8278078      4.3078911     10.0880919      0.1428108      0.0985254      0.3896457
      0.0082442      3.6914823      3.6522561      3.6616546      1.4376397      0.1064056      0.6662421     -0.0601577      1.0072901      2.5740255      1.9827279      0.0207228      3.5405184      0.9033731     -1.8418930      3.9401438      9.3812068      0.1324175      0.1204013      0.3749009
      0.0099012      4.4334189      4.3466418      4.3621183      1.6791543      0.1398260      0.7420254     -0.0960182      1.0102160      2.5915848      2.5224728      0.0242996      4.1124825      0.8114539     -1.7729172      3.5730712      8.3608259      0.1305332      0.1399582      0.3574107
      0.0115626      5.1773436      5.0144257      5.0378224      1.8927510      0.1738162      0.8064037     -0.1387159      1.0135049      2.5972244      3.0838080      0.0286211      4.5960511      0.7121015     -1.6617973      3.2462129      7.3222461      0.1344039      0.1569181      0.3398549
      0.0132292      5.9235902      5.6501368      5.6832624      2.0762106      0.2086250      0.8619788     -0.1864186      1.0171028      2.6190482      3.6461159      0.0335709      4.9829949      0.6119589     -1.5352108      2.9748845      6.4009587      0.1412388      0.1712229      0.3242907
      0.0149018      6.6724933      6.2498308      6.2943530      2.2294994      0.2430696      0.9102903     -0.2365819      1.0209054      2.6295061      4.1917882      0.0386739      5.2726568      0.5151965     -1.4078384      2.7601813      5.6316498      0.1490304      0.1829837      0.3116848
      0.0165810      7.4243888      6.8111461      6.8685120      2.3540910      0.2775960      0.9529513     -0.2875106      1.0248574      2.6538704      4.7078715      0.0439030      5.4706290      0.4240968     -1.2867674      2.5965632      5.0061944      0.1566356      0.1924104      0.3020237
      0.0182676      8.1796137      7.3332433      7.4046323      2.4525382      0.3113543      0.9907881     -0.3372396      1.0288612      2.6673542      5.1856999      0.0489335      5.5867604      0.3397384     -1.1750495      2.4761930      4.5040035      0.1634965      0.1997662      0.2947012
      0.0199625      8.9385069      7.8164949      7.9028023      2.5278211      0.3448085      1.0247388     -0.3849164      1.0328803      2.6926974      5.6205343      0.0538257      5.6330825      0.2624363     -1.0735138      2.3911680      4.1026937      0.1694232      0.2053263      0.2889475
      0.0216663      9.7014087      8.2622346      8.3640797      2.5831163      0.3772987      1.0552106     -0.4294054      1.0368361      2.7077110      6.0104886      0.0583555      5.6222929      0.1920677     -0.9819732      2.3343568      3.7823877      0.1743932      0.2093576      0.2840914
      0.0233798     10.4686611      8.6724183      8.7901688      2.6214220      0.4092424      1.0827605     -0.4706111      1.0407169      2.7327468      6.3559276      0.0626362      5.5664986      0.1282859     -0.8997259      2.2998189      3.5265164      0.1784773      0.2121022      0.2796494
      0.0251038     11.2406084      9.0494135      9.1832205      2.6455456      0.4401090      1.1076021     -0.5079885      1.0444644      2.7480794      6.6586076      0.0665042      5.4766469      0.0706296     -0.8259304      2.2826629      3.3218179      0.1817596      0.2137755      0.2753146
      0.0268390     12.0175966      9.3957625      9.5455973      2.6579271      0.4702595      1.1300967     -0.5418929      1.0480883      2.7717961      6.9212771      0.0700983      5.3621344      0.0186147     -0.7596932      2.2790017      3.1578119      0.1843398      0.2145620      0.2709151
      0.0285863     12.7999741      9.7140714      9.8797634      2.6607308      0.4992653      1.1503745     -0.5721040      1.0515458      2.7864990      7.1471452      0.0732905      5.2308224     -0.0282560     -0.7001787      2.2856636      3.0262574      0.1863037      0.2146194      0.2663833
      0.0303464     13.5880920     10.0068734     10.1881437      2.6557629      0.5274383      1.1686830     -0.5991825      1.0548620      2.8081511      7.3396884      0.0762275      5.0888953     -0.0704405     -0.6466123      2.3001405      2.9206698      0.1877489      0.2140787      0.2617097
      0.0321202     14.3823036     10.2765846     10.4730755      2.6445873      0.5544342      1.1851117     -0.6230519      1.0580040      2.8215253      7.5023459      0.0788024      4.9412135     -0.1083685     -0.5983107      2.3204066      2.8359909      0.1887553      0.2130502      0.2569160
      0.0339083     15.1829650     10.5254433     10.7367426      2.6284753      0.5805250      1.1998450     -0.6443165      1.0610064      2.8406176      7.6384623      0.0811587      4.7913606     -0.1424032     -0.5546528      2.3449187      2.7681337      0.1893947      0.2116245      0.2520232
      0.0357116     15.9904354     10.7555074     10.9811682      2.6085065      0.6054372      1.2129655     -0.6629343      1.0638418      2.8521821      7.7511440      0.0832027      4.6420597     -0.1728739     -0.5151101      2.3724681      2.7138639      0.1897135      0.2098767      0.2470658
      0.0375310     16.8050769     10.9686396     11.2081957      2.5855320      0.6294117      1.2246251     -0.6794664      1.0665498      2.8684157      7.8432765      0.0850688      4.4951962     -0.2000620     -0.4792264      2.4021370      2.6705877      0.1897558      0.2078664      0.2420876
      0.0393671     17.6272548     11.1665203     11.4194982      2.5602668      0.6522345      1.2349056     -0.6938656      1.0691052      2.8778599      7.9174444      0.0866724      4.3521461     -0.2242431     -0.4466115      2.4331698      2.6362411      0.1895598      0.2056429      0.2371400
      0.0412210     18.4573378     11.3506547     11.6165823      2.5332716      0.6741210      1.2439418     -0.7066267      1.0715496      2.8910980      7.9759693      0.0881354      4.2138101     -0.2456739     -0.4169068      2.4649676      2.6091482      0.1891699      0.2032473      0.2322566
      0.0430933     19.2956981     11.5223890     11.8008024      2.5050277      0.6949039      1.2518326     -0.7176920      1.0738583      2.8982597      8.0208759      0.0893800      4.0807757     -0.2646136     -0.3897817      2.4970416      2.5879282      0.1886092      0.2007161      0.2274556
      0.0449849     20.1427118     11.6829242     11.9733722      2.4759171      0.7147747      1.2587147     -0.7274822      1.0760733      2.9085090      8.0539521      0.0905148      3.9534185     -0.2812971     -0.3649195      2.5290212      2.5714064      0.1878963      0.1980806      0.2227429
      0.0468968     20.9987587     11.8333344     12.1353822      2.4462743      0.7336023      1.2646950     -0.7359224      1.0781692      2.9133838      8.0767454      0.0914683      3.8320186     -0.2959410     -0.3420279      2.5605876      2.5585967      0.1870438      0.1953685      0.2181215
      0.0488296     21.8642227     11.9745824     12.2878139      2.4163651      0.7515562      1.2698918     -0.7433610      1.0801875      2.9208015      8.0906243      0.0923369      3.7167664     -0.3087129     -0.3208521      2.5914440      2.5486660      0.1860709      0.1926029      0.2135910
      0.0507844     22.7394919     12.1075335     12.4315533      2.3864200      0.7685319      1.2743997     -0.7497168      1.0821023      2.9234990      8.0967893      0.0930557      3.6078079     -0.3197359     -0.3012008      2.6213057      2.5409867      0.1849860      0.1898041      0.2091475
      0.0527619     23.6249588     12.2329675     12.5674019      2.3566095      0.7846778      1.2783132     -0.7552817      1.0839540      2.9282878      8.0963193      0.0937106      3.5051610     -0.3290893     -0.2829549      2.6499452      2.5351765      0.1837904      0.1869884      0.2047833
      0.0547631     24.5210206     12.3515859     12.6960834      2.3270691      0.7999098      1.2817091     -0.7599705      1.0857163      2.9289439      8.0901490      0.0942438      3.4088444     -0.3368421     -0.2660562      2.6772371      2.5310723      0.1824768      0.1841697      0.2005158
      0.0567888     25.4280791     12.4640257     12.8182573      2.2978887      0.8143592      1.2846483     -0.7640202      1.0874284      2.9313485      8.0790759      0.0947311      3.3188616     -0.3430803     -0.2504652      2.7031592      2.5286342      0.1810438      0.1813581      0.1963752
      0.0588400     26.3465411     12.5708631     12.9345227      2.2691452      0.8279593      1.2871687     -0.7673427      1.0890636      2.9301763      8.0637556      0.0951196      3.2351963     -0.3479235     -0.2361161      2.7277079      2.5278169      0.1795048      0.1785610      0.1923820
      0.0609176     27.2768184     12.6726235     13.0454275      2.2408988      0.8408268      1.2892830     -0.7701353      1.0906598      2.9304977      8.0447729      0.0954749      3.1576696     -0.3515078     -0.2229111      2.7508319      2.5284883      0.1778992      0.1757830      0.1885308
      0.0630225     28.2193282     12.7697772     13.1514634      2.2132146      0.8529074      1.2910005     -0.7723212      1.0921897      2.9277282      8.0226828      0.0957491      3.0859710     -0.3539557     -0.2107477      2.7724634      2.5304464      0.1762624      0.1730296      0.1848047
      0.0651557     29.1744933     12.8627485     13.2530754      2.1861500      0.8643027      1.2923297     -0.7740762      1.0936903      2.9262291      7.9980279      0.0960008      3.0197634     -0.3553618     -0.1995472      2.7925673      2.5334544      0.1746114      0.1703075      0.1811875
      0.0673181     30.1427420     12.9519154     13.3506607      2.1597616      0.8749684      1.2932993     -0.7753399      1.0951338      2.9220385      7.9712860      0.0961875      2.9586561     -0.3557915     -0.1892621      2.8111431      2.5373360      0.1729491      0.1676230      0.1776770
      0.0695107     31.1245085     13.0376180     13.4445776      2.1340927      0.8849950      1.2939357     -0.7762697      1.0965558      2.9189161      7.9428526      0.0963609      2.9023207     -0.3553056     -0.1798399      2.8282002      2.5419931      0.1712784      0.1649805      0.1742746
      0.0717345     32.1202331     13.1201618     13.5351480      2.1091821      0.8943473      1.2942825     -0.7768161      1.0979285      2.9134216      7.9130596      0.0964823      2.8505034     -0.3539538     -0.1712150      2.8437565      2.5473368      0.1695770      0.1623842      0.1709642
      0.0739904     33.1303623     13.1998252     13.6226669      2.0850460      0.9031068      1.2943685     -0.7771160      1.0992865      2.9087947      7.8822097      0.0965967      2.8029948     -0.3517765     -0.1633361      2.8578582      2.5532765      0.1678223      0.1598391      0.1677491
      0.0762795     34.1553491     13.2768599     13.7074008      2.0616853      0.9112474      1.2942231     -0.7771228      1.1006019      2.9020383      7.8505436      0.0966689      2.7595079     -0.3488155     -0.1561613      2.8706467      2.5597331      0.1660156      0.1573497      0.1646545
      0.0786028     35.1956532     13.3514929     13.7895907      2.0390880      0.9188454      1.2938458     -0.7769516      1.1019079      2.8959842      7.8182445      0.0967385      2.7196642     -0.3451551     -0.1496544      2.8822941      2.5666040      0.1641821      0.1549186      0.1616859
      0.0809614     36.2517412     13.4239231     13.8694481      2.0172489      0.9258855      1.2932424     -0.7765590      1.1031766      2.8880523      7.7854465      0.0967740      2.6828992     -0.3408955     -0.1437615      2.8928034      2.5737625      0.1623519      0.1525474      0.1588051
      0.0833563     37.3240866     13.4943211     13.9471539      1.9961625      0.9324407      1.2924134     -0.7760460      1.1044395      2.8807435      7.7522837      0.0968102      2.6485543     -0.3361077     -0.1383858      2.9019383      2.5810021      0.1605426      0.1502359      0.1559731
      0.0857886     38.4131703     13.5628298     14.0228597      1.9758257      0.9385033      1.2913912     -0.7753740      1.1056688      2.8718108      7.7189161      0.0968185      2.6160137     -0.3308117     -0.1334163      2.9094911      2.5880388      0.1587468      0.1479845      0.1531651
      0.0882593     39.5194808     13.6295724     14.0966959      1.9562251      0.9441394      1.2901948     -0.7746217      1.1068955      2.8634555      7.6855252      0.0968307      2.5851836     -0.3250249     -0.1288037      2.9154562      2.5946381      0.1569573      0.1457950      0.1503837
      0.0907696     40.6435142     13.6946720     14.1687933      1.9373389      0.9493444      1.2888428     -0.7737361      1.1080920      2.8537130      7.6522614      0.0968225      2.5566751     -0.3187830     -0.1245836      2.9199121      2.6007957      0.1551691      0.1436685      0.1476823
      0.0933206     41.7857746     13.7582644     14.2392976      1.9191394      0.9541753      1.2873126     -0.7727700      1.1092888      2.8445424      7.6192161      0.0968222      2.5313911     -0.3121642     -0.1208031      2.9228837      2.6066413      0.1533755      0.1416023      0.1451279
      0.0959135     42.9467742     13.8204981     14.3083692      1.9016127      0.9586260      1.2855699     -0.7716616      1.1104594      2.8342163      7.5864342      0.0968067      2.5099072     -0.3052541     -0.1174433      2.9244243      2.6123140      0.1515831      0.1395928      0.1427461
      0.0985494     44.1270337     13.8815205     14.3761680      1.8847587      0.9627422      1.2835622     -0.7704448      1.1116339      2.8244701      7.5539969      0.0968011      2.4922459     -0.2981537     -0.1144481      2.9247841      2.6178628      0.1498149      0.1376371      0.1405010
      0.1012295     45.3270824     13.9414676     14.4428417      1.8685824      0.9665134      1.2812840     -0.7690577      1.1127860      2.8137641      7.5220090      0.0967853      2.4779023     -0.2909611     -0.1118168      2.9242200      2.6232455      0.1480687      0.1357345      0.1383310
      0.1039550     46.5474585     14.0004541     14.5085152      1.8530590      0.9699740      1.2787546     -0.7675240      1.1139446      2.8036095      7.4904734      0.0967817      2.4664081     -0.2837336     -0.1096212      2.9227817      2.6285563      0.1463268      0.1338867      0.1362122
      0.1067271     47.7887092     14.0585858     14.5733038      1.8381250      0.9731122      1.2760281     -0.7657804      1.1150832      2.7925820      7.4592246      0.0967687      2.4577727     -0.2764540     -0.1078779      2.9205367      2.6340694      0.1445843      0.1320956      0.1341725
      0.1095470     49.0513912     14.1159651     14.6373194      1.8236917      0.9759564      1.2731491     -0.7638570      1.1162298      2.7819829      7.4280833      0.0967630      2.4520358     -0.2691586     -0.1064804      2.9177844      2.6399601      0.1428461      0.1303590      0.1322575
      0.1124161     50.3360708     14.1726884     14.7006676      1.8096928      0.9784965      1.2701776     -0.7617265      1.1173588      2.7705126      7.3970436      0.0967451      2.4489205     -0.2619661     -0.1052906      2.9147829      2.6461713      0.1411191      0.1286733      0.1304711
      0.1153356     51.6433241     14.2288378     14.7634387      1.7960989      0.9807586      1.2671526     -0.7594434      1.1184982      2.7593525      7.3662285      0.0967336      2.4479349     -0.2549489     -0.1042645      2.9117191      2.6525143      0.1393963      0.1270340      0.1287649
      0.1183068     52.9737374     14.2844810     14.8257068      1.7829120      0.9827397      1.2640969     -0.7569932      1.1196233      2.7473818      7.3357526      0.0967138      2.4484178     -0.2480841     -0.1034141      2.9086997      2.6588197      0.1376581      0.1254355      0.1270732
      0.1213311     54.3279072     14.3396672     14.8875260      1.7701293      0.9844723      1.2609761     -0.7544232      1.1207614      2.7357540      7.3057155      0.0967039      2.4499273     -0.2413293     -0.1027456      2.9053743      2.6648704      0.1359117      0.1238731      0.1253666
      0.1244098     55.7064409     14.3944403     14.9489443      1.7577405      0.9859636      1.2577393     -0.7517167      1.1218872      2.7235327      7.2761967      0.0966913      2.4523580     -0.2346802     -0.1022381      2.9011850      2.6704985      0.1342033      0.1223463      0.1236793
      0.1275443     57.1099567     14.4488386     15.0100041      1.7457486      0.9872435      1.2543347     -0.7489225      1.1230265      2.7117675      7.2472309      0.0966926      2.4555960     -0.2282313     -0.1018817      2.8961052      2.6756855      0.1325491      0.1208563      0.1220340
      0.1307360     58.5390840     14.5028977     15.0707443      1.7341717      0.9883120      1.2507531     -0.7460298      1.1241535      2.6995625      7.2188277      0.0966955      2.4595064     -0.2220581     -0.1016606      2.8905390      2.6805507      0.1309568      0.1194022      0.1204268
      0.1339863     59.9944638     14.5566506     15.1312015      1.7229987      0.9891862      1.2470140     -0.7430593      1.1252930      2.6878046      7.1909463      0.0967123      2.4644539     -0.2161966     -0.1015608      2.8847542      2.6850918      0.1294229      0.1179805      0.1188855
      0.1372967     61.4767486     14.6101434     15.1914267      1.7122153      0.9898596      1.2431838     -0.7399692      1.1264194      2.6756282      7.1634141      0.0967280      2.4709302     -0.2106836     -0.1016214      2.8788906      2.6892835      0.1279161      0.1165930      0.1174386
      0.1406687     62.9866033     14.6634226     15.2514717      1.7018221      0.9903426      1.2393137     -0.7367694      1.1275577      2.6638047      7.1359850      0.0967504      2.4788126     -0.2055930     -0.1018583      2.8729682      2.6932229      0.1264089      0.1152409      0.1160644
      0.1441037     64.5247049     14.7165251     15.3113778      1.6918315      0.9906301      1.2354280     -0.7334427      1.1286839      2.6515182      7.1085390      0.0967654      2.4872051     -0.2009600     -0.1021719      2.8669396      2.6970309      0.1249067      0.1139193      0.1146991
      0.1476034     66.0917432     14.7694652     15.3711606      1.6822382      0.9907361      1.2315050     -0.7300255      1.1298232      2.6394734      7.0811178      0.0967835      2.4956977     -0.1967877     -0.1024389      2.8609776      2.7008332      0.1234118      0.1126224      0.1133317
      0.1511693     67.6884211     14.8222628     15.4308423      1.6730331      0.9906608      1.2275140     -0.7265200      1.1309529      2.6269512      7.0538374      0.0967957      2.5046892     -0.1930121     -0.1025519      2.8554088      2.7046963      0.1219308      0.1113508      0.1119578
      0.1548030     69.3154544     14.8749403     15.4904483      1.6641866      0.9904167      1.2234114     -0.7229677      1.1320979      2.6146574      7.0268965      0.0968155      2.5143198     -0.1894907     -0.1024939      2.8506264      2.7085416      0.1205025      0.1101059      0.1105806
      0.1585061     70.9735730     14.9275231     15.5500070      1.6556640      0.9899993      1.2191732     -0.7193685      1.1332347      2.6019673      7.0004655      0.0968360      2.5246414     -0.1861599     -0.1023433      2.8468114      2.7125371      0.1191359      0.1088890      0.1092394
      0.1622803     72.6635203     14.9800381     15.6095491      1.6474376      0.9894135      1.2147823     -0.7157428      1.1343872      2.5895436      6.9745123      0.0968656      2.5362732     -0.1831379     -0.1020533      2.8439220      2.7169355      0.1178238      0.1076997      0.1079455
      0.1661272     74.3860543     15.0325288     15.6691240      1.6394761      0.9886534      1.2102872     -0.7120837      1.1355332      2.5767756      6.9489541      0.0968929      2.5494663     -0.1804451     -0.1015659      2.8417936      2.7215785      0.1165387      0.1065388      0.1066483
      0.1700487     76.1419474     15.0850304     15.7287719      1.6317036      0.9877208      1.2057472     -0.7084151      1.1366980      2.5642512      6.9237510      0.0969273      2.5640647     -0.1779498     -0.1009850      2.8402469      2.7262999      0.1152249      0.1054018      0.1053954
      0.1740464     77.9319871     15.1375812     15.7885368      1.6240892      0.9866147      1.2011963     -0.7047418      1.1378595      2.5513964      6.8990907      0.0969633      2.5800198     -0.1757063     -0.1003397      2.8392676      2.7310355      0.1138832      0.1042819      0.1042247
      0.1781221     79.7569762     15.1902126     15.8484550      1.6166600      0.9853542      1.1966563     -0.7010978      1.1390410      2.5388039      6.8750933      0.0970111      2.5972874     -0.1739144     -0.0995848      2.8386723      2.7352614      0.1125517      0.1031774      0.1031017
      0.1822778     81.6177331     15.2429633     15.9085714      1.6094246      0.9839588      1.1921554     -0.6974690      1.1402198      2.5259870      6.8516342      0.0970613      2.6164288     -0.1724360     -0.0987794      2.8372563      2.7385120      0.1112300      0.1020910      0.1019975
      0.1865152     83.5150922     15.2958841     15.9689444      1.6023139      0.9824582      1.1876691     -0.6938357      1.1414203      2.5135416      6.8288276      0.0971251      2.6384358     -0.1708948     -0.0980763      2.8337464      2.7406095      0.1099381      0.1010237      0.1009556
      0.1908362     85.4499045     15.3490367     16.0296457      1.5953026      0.9808694      1.1831529     -0.6901482      1.1426202      2.5009876      6.8068177      0.0971971      2.6623462     -0.1693505     -0.0976099      2.8288192      2.7414837      0.1086865      0.0999751      0.0999858
      0.1952428     87.4230376     15.4024318     16.0906887      1.5884254      0.9792011      1.1785470     -0.6863852      1.1438414      2.4888067      6.7854557      0.0972846      2.6852666     -0.1679403     -0.0973448      2.8235223      2.7415618      0.1074936      0.0989429      0.0989531
      0.1997370     89.4353764     15.4560379     16.1520382      1.5816687      0.9774478      1.1738695     -0.6825372      1.1450596      2.4764237      6.7646932      0.0973776      2.7059080     -0.1666800     -0.0969407      2.8179932      2.7411968      0.1063627      0.0979235      0.0978746
      0.2043208     91.4878234     15.5098267     16.2136629      1.5749757      0.9756015      1.1692365     -0.6786133      1.1462958      2.4642182      6.7446672      0.0974849      2.7265084     -0.1658607     -0.0962113      2.8123542      2.7402330      0.1052700      0.0969174      0.0968515
      0.2089962     93.5812989     15.5638363     16.2756071      1.5683618      0.9736532      1.1647914     -0.6745847      1.1475276      2.4516657      6.7255477      0.0976034      2.7497599     -0.1656214     -0.0952997      2.8067886      2.7386903      0.1041753      0.0959278      0.0958382
      0.2137653     95.7167419     15.6181284     16.3379428      1.5618626      0.9715896      1.1605590     -0.6704661      1.1487790      2.4392118      6.7071056      0.0977401      2.7765649     -0.1658524     -0.0944050      2.8016433      2.7366667      0.1030634      0.0949562      0.0948203
      0.2186302     97.8951101     15.6727657     16.4007431      1.5554491      0.9694073      1.1564356     -0.6662856      1.1500305      2.4264863      6.6887033      0.0978800      2.8044908     -0.1664063     -0.0935928      2.7970574      2.7347695      0.1020346      0.0939944      0.0937971
      0.2235933    100.1173802     15.7277306     16.4639894      1.5490261      0.9671013      1.1523773     -0.6620890      1.1513065      2.4140525      6.6699142      0.0980242      2.8304576     -0.1671892     -0.0926523      2.7925599      2.7335174      0.1010351      0.0930298      0.0927517
      0.2286566    102.3845489     15.7829908     16.5276463      1.5425350      0.9646815      1.1484015     -0.6578637      1.1525872      2.4015942      6.6509711      0.0981690      2.8549878     -0.1684713     -0.0913178      2.7881594      2.7322647      0.0999710      0.0920636      0.0917068
      0.2338224    104.6976330     15.8385387     16.5917065      1.5359622      0.9621577      1.1444546     -0.6536347      1.1538951      2.3895781      6.6322283      0.0983262      2.8802068     -0.1703152     -0.0896466      2.7841896      2.7303720      0.0989040      0.0911067      0.0906413
      0.2390931    107.0576697     15.8944259     16.6562310      1.5292832      0.9595474      1.1404892     -0.6494082      1.1552057      2.3775681      6.6137708      0.0984910      2.9102730     -0.1724425     -0.0877166      2.7813531      2.7282248      0.0978403      0.0901627      0.0896168
      0.2444710    109.4657175     15.9507940     16.7213853      1.5224236      0.9568331      1.1364935     -0.6451526      1.1565387      2.3658767      6.5950542      0.0986598      2.9500038     -0.1747666     -0.0854568      2.7799007      2.7265052      0.0967556      0.0892293      0.0887245
      0.2499586    111.9228562     16.0078388     16.7873980      1.5153456      0.9539956      1.1324435     -0.6408050      1.1578754      2.3539877      6.5753393      0.0988145      2.9982349     -0.1773155     -0.0827501      2.7795319      2.7249259      0.0956956      0.0882983      0.0878973
      0.2555582    114.4301878     16.0656762     16.8544060      1.5080248      0.9509980      1.1283457     -0.6363277      1.1592430      2.3422379      6.5545237      0.0989573      3.0517267     -0.1800561     -0.0795050      2.7794851      2.7229799      0.0946613      0.0873779      0.0870711
      0.2612725    116.9888368     16.1243886     16.9225086      1.5004717      0.9478512      1.1242762     -0.6316550      1.1606256      2.3301693      6.5336704      0.0990998      3.1074915     -0.1829908     -0.0755582      2.7789921      2.7195674      0.0935950      0.0864724      0.0862448
      0.2671039    119.5999505     16.1839543     16.9916844      1.4928201      0.9445560      1.1202329     -0.6268042      1.1620479      2.3180764      6.5139917      0.0992633      3.1588875     -0.1861409     -0.0709918      2.7778443      2.7142335      0.0924958      0.0855742      0.0854002
      0.2730551    122.2647000     16.2442256     17.0617660      1.4852082      0.9411538      1.1160313     -0.6218359      1.1634895      2.3055965      6.4954695      0.0994459      3.1995367     -0.1894469     -0.0659578      2.7762966      2.7081070      0.0914088      0.0846815      0.0845131
      0.2791288    124.9842802     16.3049658     17.1324816      1.4776860      0.9376764      1.1115365     -0.6167952      1.1649704      2.2931574      6.4773818      0.0996405      3.2271647     -0.1933137     -0.0599942      2.7750042      2.7022356      0.0903892      0.0837938      0.0835625
      0.2853276    127.7599109     16.3659614     17.2035852      1.4702545      0.9342019      1.1067996     -0.6117007      1.1664645      2.2805110      6.4599149      0.0998504      3.2465160     -0.1979220     -0.0529697      2.7748379      2.6975383      0.0894093      0.0829157      0.0825653
      0.2916544    130.5928367     16.4271223     17.2749737      1.4628099      0.9307423      1.1018966     -0.6065930      1.1679858      2.2679472      6.4437001      0.1000891      3.2636567     -0.2031933     -0.0456204      2.7759770      2.6935095      0.0884362      0.0820498      0.0815924
      0.2981120    133.4843282     16.4884183     17.3466133      1.4552582      0.9273335      1.0968827     -0.6014473      1.1695079      2.2551191      6.4281743      0.1003508      3.2778065     -0.2090740     -0.0385936      2.7765849      2.6898242      0.0875036      0.0811919      0.0805848
      0.3047033    136.4356820     16.5497831     17.4184272      1.4474817      0.9239792      1.0917757     -0.5962505      1.1710497      2.2424004      6.4127676      0.1006277      3.2901131     -0.2151591     -0.0320297      2.7750131      2.6855065      0.0866568      0.0803427      0.0795811
      0.3114313    139.4482217     16.6112653     17.4904732      1.4394483      0.9206795      1.0865246     -0.5909604      1.1725909      2.2296297      6.3965090      0.1009041      3.3093613     -0.2213087     -0.0261285      2.7732037      2.6796232      0.0858327      0.0795120      0.0786036
      0.3182989    142.5232983     16.6730810     17.5630061      1.4312183      0.9173942      1.0810524     -0.5856306      1.1741564      2.2171734      6.3785221      0.1011632      3.3450647     -0.2277422     -0.0206517      2.7740535      2.6730536      0.0849490      0.0786959      0.0777284
      0.3253092    145.6622908     16.7355395     17.6363914      1.4228124      0.9141142      1.0754513     -0.5801952      1.1757321      2.2048511      6.3588073      0.1014037      3.3921264     -0.2340164     -0.0152778      2.7767249      2.6672006      0.0839738      0.0778905      0.0769505
      0.3324655    148.8666070     16.7987071     17.7107104      1.4141412      0.9108016      1.0699752     -0.5745758      1.1773408      2.1929218      6.3374128      0.1016242      3.4381004     -0.2400562     -0.0100223      2.7790016      2.6617755      0.0829648      0.0770894      0.0761835
      0.3397708    152.1376839     16.8625262     17.7858988      1.4050830      0.9074494      1.0647475     -0.5687272      1.1789572      2.1812342      6.3145791      0.1018285      3.4797824     -0.2459690     -0.0049390      2.7810633      2.6570716      0.0820203      0.0762799      0.0754466
      0.3472285    155.4769884     16.9269015     17.8618474      1.3956066      0.9039886      1.0596245     -0.5627789      1.1806006      2.1698914      6.2910891      0.1020233      3.5149740     -0.2519622      0.0002436      2.7839681      2.6530761      0.0811022      0.0754594      0.0746717
      0.3548419    158.8860180     16.9916858     17.9383853      1.3858096      0.9003429      1.0542445     -0.5567716      1.1822537      2.1584429      6.2683309      0.1022305      3.5406040     -0.2586663      0.0057005      2.7888638      2.6488813      0.0802136      0.0746350      0.0738149
      0.3626145    162.3663017     17.0567346     18.0153444      1.3757873      0.8964639      1.0483627     -0.5507185      1.1839393      2.1469968      6.2464347      0.1024577      3.5645578     -0.2665369      0.0118347      2.7969090      2.6454381      0.0793732      0.0738129      0.0729100
      0.3705497    165.9194000     17.1220996     18.0927883      1.3653832      0.8923813      1.0419346     -0.5444874      1.1856463      2.1354689      6.2244617      0.1026927      3.5894867     -0.2747179      0.0192199      2.8066236      2.6438489      0.0785541      0.0729935      0.0720872
      0.3786510    169.5469065     17.1877080     18.1706343      1.3545230      0.8881224      1.0350124     -0.5380335      1.1874020      2.1239685      6.2032038      0.1029390      3.6078738     -0.2827804      0.0284372      2.8165332      2.6431356      0.0777358      0.0721553      0.0713220
      0.3869222    173.2504480     17.2534761     18.2487860      1.3432780      0.8836875      1.0277875     -0.5312854      1.1891827      2.1123166      6.1827011      0.1032019      3.6273756     -0.2906279      0.0382125      2.8257687      2.6409806      0.0769195      0.0713138      0.0704950
      0.3953668    177.0316853     17.3195311     18.3273974      1.3316134      0.8790640      1.0204479     -0.5241588      1.1909968      2.1007101      6.1626195      0.1034836      3.6560301     -0.2983250      0.0476550      2.8333614      2.6377872      0.0761239      0.0704732      0.0696476
      0.4039888    180.8923142     17.3860216     18.4066479      1.3196995      0.8742550      1.0132119     -0.5166822      1.1928166      2.0893951      6.1417592      0.1037692      3.6917979     -0.3061678      0.0568152      2.8394959      2.6347795      0.0751875      0.0696323      0.0687578
      0.4127920    184.8340660     17.4530770     18.4866947      1.3076309      0.8693072      1.0057460     -0.5089189      1.1946652      2.0786642      6.1189886      0.1040407      3.7375477     -0.3149473      0.0660423      2.8458409      2.6313449      0.0743247      0.0687897      0.0677869
      0.4217803    188.8587084     17.5208710     18.5677489      1.2954884      0.8642897      0.9980812     -0.5008934      1.1965261      2.0679223      6.0966802      0.1043313      3.7870436     -0.3250539      0.0761648      2.8536183      2.6286385      0.0736161      0.0679437      0.0669091
      0.4309577    192.9680463     17.5892958     18.6496857      1.2835509      0.8590518      0.9906634     -0.4929211      1.1984196      2.0566684      6.0758449      0.1046407      3.8219205     -0.3366156      0.0877113      2.8634513      2.6265424      0.0728484      0.0671022      0.0661237
      0.4403284    197.1639226     17.6580544     18.7321533      1.2719077      0.8533617      0.9833798     -0.4850663      1.2003368      2.0440485      6.0562956      0.1049596      3.8459520     -0.3500173      0.1010033      2.8769956      2.6258670      0.0720485      0.0662674      0.0653038
      0.4498966    201.4482190     17.7271209     18.8151244      1.2600973      0.8470924      0.9762329     -0.4770378      1.2023065      2.0300748      6.0369374      0.1052802      3.8753545     -0.3648077      0.1152340      2.8938563      2.6246763      0.0711043      0.0654215      0.0645166
      0.4596665    205.8228567     17.7966051     18.8987351      1.2480899      0.8402374      0.9690918     -0.4689159      1.2043050      2.0143383      6.0174119      0.1055954      3.9064201     -0.3807366      0.1303031      2.9173565      2.6252409      0.0700011      0.0645577      0.0636395
      0.4696426    210.2897977     17.8664989     18.9829800      1.2359844      0.8328675      0.9613676     -0.4606798      1.2063508      1.9975544      5.9968685      0.1059033      3.9461386     -0.3964743      0.1455000      2.9414466      2.6265699      0.0689607      0.0636531      0.0626808
      0.4798292    214.8510453     17.9370185     19.0681246      1.2236669      0.8251195      0.9528581     -0.4522233      1.2084262      1.9798065      5.9732977      0.1061801      3.9844697     -0.4109090      0.1593304      2.9584564      2.6246701      0.0679336      0.0627109      0.0617163
      0.4902311    219.5086448     18.0078691     19.1538177      1.2112330      0.8171450      0.9434339     -0.4436005      1.2105552      1.9619670      5.9455072      0.1064130      4.0049378     -0.4229997      0.1709636      2.9678409      2.6194594      0.0668322      0.0617556      0.0606754
      0.5008528    224.2646851     18.0789718     19.2399683      1.1986666      0.8091459      0.9329309     -0.4349481      1.2127155      1.9440019      5.9146531      0.1066118      4.0407056     -0.4351961      0.1820768      2.9821584      2.6140420      0.0657865      0.0608017      0.0596708
      0.5116992    229.1212991     18.1507734     19.3271225      1.1855799      0.8011926      0.9214474     -0.4260861      1.2149228      1.9262724      5.8829088      0.1067971      4.0943500     -0.4498767      0.1958189      3.0038152      2.6123468      0.0647199      0.0598528      0.0588585
      0.5227750    234.0806647     18.2232221     19.4152227      1.1722528      0.7932949      0.9095117     -0.4171533      1.2171482      1.9078044      5.8500766      0.1069633      4.1272589     -0.4669461      0.2118793      3.0288432      2.6149524      0.0636503      0.0589172      0.0580382
      0.5340852    239.1450061     18.2958153     19.5036612      1.1588140      0.7852205      0.8974782     -0.4081991      1.2194045      1.8892493      5.8139725      0.1070874      4.1344552     -0.4856552      0.2279008      3.0562634      2.6193372      0.0626472      0.0579647      0.0570152
      0.5456350    244.3165944     18.3683255     19.5921629      1.1447574      0.7768836      0.8854655     -0.3991642      1.2216793      1.8706045      5.7760617      0.1071822      4.1400117     -0.5053937      0.2436686      3.0850211      2.6202698      0.0616851      0.0569800      0.0560783
      0.5574294    249.5977488     18.4409765     19.6810034      1.1306433      0.7681095      0.8735939     -0.3901448      1.2239973      1.8520913      5.7388413      0.1072831      4.1778579     -0.5257828      0.2611210      3.1130601      2.6221795      0.0607293      0.0559682      0.0550889
      0.5694739    254.9908377     18.5145145     19.7710999      1.1165641      0.7586586      0.8615069     -0.3810364      1.2263416      1.8323316      5.7013123      0.1073628      4.2558224     -0.5461293      0.2803096      3.1399527      2.6266018      0.0596389      0.0549477      0.0540716
      0.5817737    260.4982797     18.5893460     19.8629587      1.1021085      0.7484316      0.8487083     -0.3712035      1.2287435      1.8114743      5.6605656      0.1073830      4.3378201     -0.5675781      0.2994982      3.1695952      2.6295065      0.0583568      0.0539052      0.0529963
      0.5943345    266.1225447     18.6653304     19.9564170      1.0871210      0.7376438      0.8349990     -0.3606721      1.2311886      1.7892171      5.6159748      0.1073191      4.4145474     -0.5916667      0.3190896      3.2055431      2.6354081      0.0570175      0.0528376      0.0519020
      0.6071617    271.8661550     18.7424649     20.0514801      1.0708948      0.7264858      0.8206484     -0.3495694      1.2336782      1.7664374      5.5701413      0.1072187      4.4873208     -0.6175306      0.3400233      3.2416820      2.6424548      0.0556793      0.0517472      0.0508909
      0.6202613    277.7316862     18.8204026     20.1477272      1.0534105      0.7150887      0.8063082     -0.3379687      1.2361682      1.7421217      5.5241532      0.1070917      4.5190563     -0.6437444      0.3611067      3.2757447      2.6439271      0.0543098      0.0506182      0.0499287
      0.6336390    283.7217689     18.8982112     20.2440096      1.0351359      0.7033436      0.7919548     -0.3259605      1.2386852      1.7167059      5.4756743      0.1069072      4.4989244     -0.6691872      0.3830737      3.3036098      2.6469337      0.0529769      0.0494798      0.0486184
      0.6473009    289.8390894     18.9753457     20.3396533      1.0162106      0.6914554      0.7767997     -0.3137011      1.2412338      1.6903435      5.4237386      0.1066439      4.4730514     -0.6931407      0.4061680      3.3316231      2.6492837      0.0517245      0.0483278      0.0471912
      0.6612530    296.0863910     19.0520946     20.4350157      0.9969334      0.6794874      0.7613586     -0.3011294      1.2438179      1.6646188      5.3721242      0.1063928      4.4751692     -0.7187459      0.4308047      3.3628758      2.6513292      0.0504821      0.0471654      0.0459323
      0.6755018    302.4664754     19.1289266     20.5306809      0.9769256      0.6673499      0.7453880     -0.2881875      1.2464224      1.6386580      5.3206802      0.1061342      4.5033859     -0.7468546      0.4582195      3.4045604      2.6575625      0.0491834      0.0459931      0.0449815
      0.6900534    308.9822038     19.2061292     20.6270105      0.9561056      0.6545111      0.7282067     -0.2748531      1.2490808      1.6124869      5.2659810      0.1058040      4.5322903     -0.7842071      0.4885298      3.4838769      2.6673067      0.0478107      0.0447698      0.0441113
      0.7049145    315.6364983     19.2834767     20.7237279      0.9349645      0.6410314      0.7100473     -0.2610231      1.2517737      1.5841028      5.2075982      0.1053829      4.5427480     -0.8286062      0.5208223      3.5777993      2.6775649      0.0463800      0.0435045      0.0429747
      0.7200918    322.4323430     19.3607863     20.8206078      0.9133123      0.6270145      0.6910503     -0.2467840      1.2545107      1.5553082      5.1477497      0.1048896      4.5589744     -0.8773601      0.5581167      3.6888222      2.6951283      0.0448629      0.0421676      0.0418503
      0.7355919    329.3727856     19.4382923     20.9179480      0.8899292      0.6125954      0.6710766     -0.2321425      1.2572982      1.5250634      5.0772414      0.1041639      4.5769153     -0.9251065      0.5989055      3.7896782      2.7239171      0.0432856      0.0407808      0.0406316
      0.7514220    336.4609387     19.5157762     21.0154783      0.8639788      0.5980302      0.6500979     -0.2173714      1.2601374      1.4955181      5.0005833      0.1032801      4.5856451     -0.9738067      0.6463827      3.8963653      2.7665333      0.0418207      0.0393532      0.0393387
      0.7675890    343.6999808     19.5932391     21.1132029      0.8350736      0.5829421      0.6276927     -0.2022031      1.2629959      1.4638443      4.9195035      0.1022602      4.5967935     -1.0262713      0.6989089      4.0423938      2.8220801      0.0404317      0.0378734      0.0380906
      0.7841003    351.0931586     19.6704672     21.2108535      0.8033841      0.5668718      0.6043594     -0.1869688      1.2658904      1.4295334      4.8328445      0.1010834      4.5644592     -1.0852474      0.7560667      4.2287844      2.8860240      0.0386762      0.0363372      0.0368505
      0.8009632    358.6437875     19.7463438     21.3070158      0.7706106      0.5498683      0.5807660     -0.1722303      1.2688103      1.3920052      4.7407895      0.0997324      4.4658673     -1.1556505      0.8219044      4.4544586      2.9794009      0.0367482      0.0347900      0.0355333
      0.8181853    366.3552536     19.8201938     21.4008259      0.7378438      0.5322938      0.5557205     -0.1575922      1.2717489      1.3526202      4.6405755      0.0981928      4.3610118     -1.2357421      0.8931773      4.7380541      3.0935498      0.0349103      0.0331910      0.0342181
      0.8357743    374.2310154     19.8921669     21.4924640      0.7048667      0.5138926      0.5295761     -0.1431146      1.2747066      1.3089804      4.5289006      0.0963547      4.2452946     -1.3246406      0.9739390      5.0889149      3.2357127      0.0330199      0.0315430      0.0327687
      0.8537381    382.2746046     19.9615403     21.5809982      0.6715491      0.4948731      0.5033600     -0.1294220      1.2776902      1.2635821      4.4047183      0.0941932      4.0700596     -1.4276679      1.0680104      5.5419271      3.4320485      0.0311162      0.0298417      0.0311128
      0.8720849    390.4896286     20.0274653     21.6653271      0.6365440      0.4752972      0.4769844     -0.1163225      1.2806364      1.2164427      4.2685548      0.0917252      3.8631771     -1.5369147      1.1730939      6.0652628      3.6839630      0.0291732      0.0281168      0.0295096
      0.8908227    398.8797714     20.0897583     21.7451913      0.5996617      0.4552785      0.4503910     -0.1037927      1.2835130      1.1699143      4.1259679      0.0890498      3.6480434     -1.6580791      1.2933321      6.6970458      4.0085453      0.0272544      0.0263976      0.0280466
      0.9099600    407.4487957     20.1481478     21.8202169      0.5619209      0.4347677      0.4237495     -0.0917103      1.2863148      1.1241418      3.9703023      0.0860503      3.4014290     -1.7948318      1.4269518      7.4893061      4.4064308      0.0253755      0.0246307      0.0265390
      0.9295053    416.2005444     20.2022417     21.8898725      0.5236029      0.4138638      0.3967841     -0.0801153      1.2890432      1.0785123      3.7990380      0.0826586      3.1682668     -1.9428998      1.5773307      8.4171603      4.9047328      0.0235402      0.0228742      0.0249870
      0.9494676    425.1389422     20.2527599     21.9550582      0.4836752      0.3926397      0.3686097     -0.0691505      1.2916425      1.0343153      3.6184255      0.0790077      2.9644257     -2.0950439      1.7460970      9.5129963      5.5169015      0.0218491      0.0211530      0.0235608
      0.9698556    434.2679979     20.2994908     22.0154756      0.4435355      0.3709544      0.3398141     -0.0585157      1.2941141      0.9889050      3.4250177      0.0750401      2.7060841     -2.2533829      1.9322267     10.8863989      6.2607768      0.0200704      0.0194136      0.0219781
      0.9906785    443.5918056     20.3413050     22.0696373      0.4049154      0.3488710      0.3102294     -0.0484053      1.2964750      0.9426090      3.2127929      0.0706301      2.3909558     -2.4295008      2.1589669     12.6731751      7.3244834      0.0183373      0.0177074      0.0202627
      1.0119458    453.1145475     20.3778010     22.1169944      0.3665748      0.3264069      0.2803494     -0.0393229      1.2987169      0.8957522      2.9858533      0.0658485      2.0700143     -2.5829190      2.4253624     14.6593234      8.7074466      0.0165386      0.0159933      0.0184959
      1.0336669    462.8404962     20.4090364     22.1575921      0.3294601      0.3041811      0.2532056     -0.0316076      1.3007520      0.8501559      2.7537000      0.0609077      1.7508175     -2.7482904      2.7330784     17.0551454     10.4924890      0.0146956      0.0143067      0.0167333
      1.0558515    472.7740184     20.4351541     22.1915884      0.2943185      0.2826101      0.2286004     -0.0251418      1.3025597      0.8064950      2.5207708      0.0559140      1.4651523     -2.8670102      3.0874283     19.7489061     12.8228382      0.0130104      0.0127724      0.0150366
      1.0785097    482.9195815     20.4569452     22.2199896      0.2601868      0.2617851      0.2052440     -0.0195361      1.3041207      0.7640792      2.2903369      0.0509477      1.2051576     -2.8931027      3.4912194     22.2665060     15.7791981      0.0114689      0.0113318      0.0136566
      1.1016517    493.2817633     20.4743994     22.2427635      0.2296128      0.2416435      0.1841487     -0.0149563      1.3054464      0.7232670      2.0730440      0.0461849      0.9428810     -2.8264699      3.9723203     24.4090990     19.9053229      0.0101078      0.0099857      0.0121394
      1.1252879    503.8652700     20.4878420     22.2603194      0.2028199      0.2220982      0.1651047     -0.0114675      1.3065414      0.6846187      1.8637991      0.0415718      0.7231438     -2.6834296      4.5105693     25.8922487     25.1081700      0.0089358      0.0087140      0.0106843
      1.1494294    514.6749670     20.4982316     22.2738987      0.1798302      0.2031832      0.1472576     -0.0086926      1.3074716      0.6489973      1.6623157      0.0371004      0.5657234     -2.5223181      5.1773607     28.2180526     32.6887963      0.0077791      0.0075513      0.0092453
      1.1740873    525.7159261     20.5063721     22.2845454      0.1598338      0.1852121      0.1294034     -0.0063399      1.3082441      0.6174638      1.4661343      0.0327561      0.4370157     -2.2333765      5.9957709     29.8973179     43.4679707      0.0067502      0.0064789      0.0079344
      1.1992736    536.9934976     20.5124777     22.2925350      0.1426309      0.1688003      0.1128604     -0.0044995      1.3088934      0.5896428      1.2747221      0.0285696      0.3202492     -1.7995287      6.9907308     30.2238852     58.6487402      0.0058441      0.0055143      0.0068701
      1.2250011    548.5134069     20.5168399     22.2982458      0.1285598      0.1532136      0.0989451     -0.0031262      1.3093947      0.5650704      1.0996156      0.0247456      0.2183447     -1.4861009      8.0973497     32.6619953     77.3173934      0.0048823      0.0046358      0.0056682
      1.2512838    560.2818763     20.5197151     22.3020111      0.1152101      0.1389755      0.0868745     -0.0021116      1.3097935      0.5442488      0.9431742      0.0213259      0.1456364     -1.1069322      9.5019829     32.3302346    106.3506565      0.0041132      0.0038834      0.0048025
      1.2781368    572.3057572     20.5217314     22.3046523      0.1034914      0.1261041      0.0760269     -0.0014131      1.3100867      0.5267383      0.8013380      0.0182396      0.1052751     -0.4606830     11.1981108     25.0635889    147.9417389      0.0034998      0.0032109      0.0041278
      1.3055773    584.5926554     20.5231567     22.3065197      0.0940536      0.1142238      0.0674045     -0.0009507      1.3103201      0.5106766      0.6725882      0.0154523      0.0692481      0.1971166     13.2508605     18.9446863    208.5048785      0.0028089      0.0026464      0.0035206
      1.3336241    597.1510205     20.5240033     22.3076291      0.0864123      0.1033891      0.0595652     -0.0006906      1.3104825      0.4967711      0.5590342      0.0130224      0.0379475      0.3868717     15.5615423     18.6138060    284.1851130      0.0023995      0.0021570      0.0028897
      1.3622979    609.9901732     20.5244686     22.3082389      0.0788569      0.0934301      0.0523144     -0.0004535      1.3106097      0.4844199      0.4642311      0.0109974      0.0223616      0.5701155     18.3598149     15.8735707    398.3172246      0.0019819      0.0016994      0.0023590
      1.3916214    623.1202497     20.5247597     22.3086205      0.0717249      0.0844171      0.0461612     -0.0002287      1.3106971      0.4737889      0.3769500      0.0091997      0.0118934      0.8024438     21.6689568     10.4114587    570.2888149      0.0014777      0.0013152      0.0019154
      1.4216188    636.5520624     20.5248771     22.3087742      0.0661032      0.0763383      0.0411666     -0.0001357      1.3107692      0.4644169      0.2941890      0.0075970      0.0053540      0.8092855     24.8061684      8.5427313    748.7274306      0.0010406      0.0009983      0.0014367
      1.4523153    650.2968932     20.5249635     22.3088876      0.0612273      0.0692555      0.0367488     -0.0000891      1.3108121      0.4564497      0.2333636      0.0064464      0.0046344      0.8271490     26.4454157      8.1670946    850.4409590      0.0007677      0.0007420      0.0010744
      1.4837366    664.3662552     20.5250209     22.3089627      0.0568460      0.0631169      0.0330240     -0.0000501      1.3108444      0.4496879      0.1771411      0.0055111      0.0022959      0.7660368     22.6161533      6.4701632    462.0137877      0.0005483      0.0005049      0.0006839
      1.5159083    678.7716655     20.5250346     22.3089808      0.0529462      0.0579401      0.0297771     -0.0000411      1.3108621      0.4439532      0.1369990      0.0049104     -0.0007080      0.6607618     20.2582556      4.5745055    196.1489343      0.0005270      0.0003569      0.0003539
      1.5488559    693.5244670     20.5250075     22.3089452      0.0493606      0.0534775      0.0271149     -0.0000491      1.3108753      0.4390745      0.1145161      0.0045991     -0.0018112      0.4973547     14.8213468     -0.7183922   -361.0566294      0.0004186      0.0002176      0.0002932
      1.5826041    708.6357242     20.5249847     22.3089153      0.0461774      0.0495085      0.0249754     -0.0000572      1.3108823      0.4349058      0.1003586      0.0044038     -0.0012185      0.3472915      8.4554842     -2.5501939  -1127.8740013      0.0001948      0.0001126      0.0002435
      1.6171768    724.1161972     20.5249719     22.3088985      0.0434478      0.0459939      0.0231038     -0.0000596      1.3108902      0.4311492      0.0841121      0.0042118      0.0002153      0.2751128      6.0738236     -2.1947653  -1514.6308279      0.0000797      0.0000435      0.0001350
      1.6525975    739.9763806     20.5249875     22.3089190      0.0410559      0.0428586      0.0214656     -0.0000582      1.3108942      0.4280885      0.0727221      0.0040824      0.0008095      0.2332839      2.8069511     -8.6043954  -1937.5081850      0.0000392      0.0000141      0.0000424
      1.6888893    756.2265853     20.5249970     22.3089315      0.0388995      0.0400380      0.0200218     -0.0000578      1.3108996      0.4250604      0.0706497      0.0040387      0.0011449      0.1947735      1.8252223    -10.9248991  -2084.4713202      0.0000085      0.0000050      0.0000087
      1.7260749    772.8770378     20.5250250     22.3089681      0.0369720      0.0374749      0.0187546     -0.0000579      1.3108979      0.4227510      0.0702477      0.0040167      0.0013834      0.1578345      1.8409586    -15.9071535  -2157.7950789      0.0000047      0.0000045      0.0000046
      1.7641773    789.9379781     20.5250426     22.3089913      0.0352119      0.0351391      0.0176222     -0.0000584      1.3109020      0.4201625      0.0698182      0.0039920      0.0015297      0.1192617      1.7782498     -7.4604531  -2016.4520044      0.0000046      0.0000046      0.0000044
      1.8032195    807.4197418     20.5250762     22.3090353      0.0336463      0.0330093      0.0166323     -0.0000595      1.3108986      0.4187853      0.0695900      0.0039789      0.0017485      0.1028763      1.8157718    -25.6773024  -2104.6973515      0.0000047      0.0000046      0.0000045
      1.8432250    825.3328236     20.5250990     22.3090652      0.0321916      0.0310817      0.0157325     -0.0000611      1.3109028      0.4167076      0.0692435      0.0039592      0.0015612      0.0834058      1.8709850    -33.4837975  -2174.9872647      0.0000049      0.0000046      0.0000046
      1.8842177    843.6879229     20.5251288     22.3091043      0.0309103      0.0293331      0.0149501     -0.0000633      1.3108987      0.4162725      0.0691700      0.0039550      0.0014647      0.0594137      1.8431485    -40.2051089  -2117.5879840      0.0000051      0.0000046      0.0000047
      1.9262219    862.4959739     20.5251465     22.3091274      0.0297058      0.0277667      0.0142250     -0.0000651      1.3109025      0.4145087      0.0688773      0.0039382      0.0010229      0.0334489      1.8592124    -48.2820831  -2070.0826320      0.0000053      0.0000047      0.0000048
      1.9692627    881.7681663     20.5251625     22.3091485      0.0286528      0.0263224      0.0135962     -0.0000673      1.3108979      0.4141998      0.0688221      0.0039354      0.0004594      0.0174665      1.9160471    -58.1049862  -2189.8984598      0.0000055      0.0000047      0.0000049
      2.0133657    901.5159591     20.5251618     22.3091475      0.0276598      0.0250456      0.0130179     -0.0000692      1.3109025      0.4126148      0.0685615      0.0039202     -0.0001216     -0.0137404      1.9099548    -58.4934990  -2202.0932078      0.0000056      0.0000047      0.0000050
      2.0585570    921.7510913     20.5251582     22.3091427      0.0267946      0.0238763      0.0125223     -0.0000710      1.3109012      0.4123036      0.0685091      0.0039173     -0.0007662     -0.0365142      1.9336949    -53.7239099  -2247.0532049      0.0000058      0.0000047      0.0000051
      2.1048636    942.4855902     20.5251374     22.3091156      0.0259606      0.0227991      0.0120707     -0.0000720      1.3109083      0.4105546      0.0682195      0.0039005     -0.0010992     -0.0523076      1.9735128    -76.3777704  -2255.9695745      0.0000060      0.0000047      0.0000052
      2.1523130    963.7317795     20.5251212     22.3090943      0.0252412      0.0218203      0.0116919     -0.0000726      1.3109093      0.4096342      0.0680618      0.0038918     -0.0013919     -0.0839167      2.0455990    -71.1838483  -2370.4320886      0.0000061      0.0000048      0.0000053
      2.2009333    985.5022869     20.5250920     22.3090560      0.0245389      0.0208627      0.0113406     -0.0000724      1.3109156      0.4071207      0.0676479      0.0038678     -0.0013120     -0.0838245      1.9785978    -99.7134254  -2231.1182333      0.0000063      0.0000048      0.0000054
      2.2507535   1007.8100517     20.5250764     22.3090356      0.0239369      0.0200160      0.0110458     -0.0000723      1.3109196      0.4052004      0.0673226      0.0038497     -0.0012738     -0.0947911      2.1042342   -112.9336447  -2474.1778546      0.0000064      0.0000048      0.0000056
      2.3018031   1030.6683325     20.5250493     22.3090000      0.0233601      0.0192748      0.0107728     -0.0000738      1.3109255      0.4037424      0.0670788      0.0038358     -0.0010466     -0.1218616      2.1623919   -108.8993032  -2546.8974036      0.0000065      0.0000048      0.0000056
      2.3541126   1054.0907149     20.5250380     22.3089853      0.0228569      0.0186272      0.0105455     -0.0000750      1.3109260      0.4019772      0.0667855      0.0038190     -0.0013016     -0.1305889      2.1172109   -104.5401273  -2448.2772728      0.0000067      0.0000048      0.0000057
      2.4077130   1078.0911202     20.5250049     22.3089419      0.0223527      0.0180843      0.0103417     -0.0000762      1.3109327      0.4005796      0.0665542      0.0038057     -0.0014893     -0.1340760      2.1705383   -126.9124680  -2526.7209264      0.0000068      0.0000048      0.0000058
      2.4626361   1102.6838127     20.5249886     22.3089205      0.0219221      0.0176023      0.0101741     -0.0000775      1.3109348      0.3996304      0.0663948      0.0037967     -0.0013223     -0.1310314      2.1470216   -144.5872833  -2466.7613959      0.0000068      0.0000048      0.0000058
      2.5189146   1127.8834091     20.5249577     22.3088799      0.0214821      0.0171683      0.0100271     -0.0000782      1.3109435      0.3985977      0.0662248      0.0037868     -0.0015325     -0.1636733      2.2315348    -85.3836104  -2659.2199866      0.0000069      0.0000048      0.0000059
      2.5765820   1153.7048868     20.5249397     22.3088564      0.0211161      0.0167812      0.0099145     -0.0000796      1.3109447      0.3981987      0.0661566      0.0037831     -0.0009906     -0.1014412      2.2833168   -200.4576174  -2705.1305619      0.0000070      0.0000049      0.0000059
      2.6356725   1180.1635926     20.5249240     22.3088357      0.0207253      0.0164025      0.0098316     -0.0000783      1.3109511      0.3960242      0.0657980      0.0037623     -0.0003873     -0.1116198      2.2921501   -204.6872314  -2779.5803391      0.0000070      0.0000049      0.0000059
      2.6962213   1207.2752522     20.5249246     22.3088366      0.0203834      0.0161029      0.0097746     -0.0000775      1.3109527      0.3949177      0.0656124      0.0037518     -0.0000846     -0.1115314      2.2929259   -200.1021245  -2798.9748175      0.0000070      0.0000049      0.0000059
      2.7582643   1235.0559793     20.5249190     22.3088293      0.0200243      0.0157927      0.0097362     -0.0000746      1.3109570      0.3929342      0.0652868      0.0037329     -0.0000867     -0.1032380      2.3820524   -238.0658495  -2936.9248796      0.0000070      0.0000049      0.0000059
      2.8218384   1263.5222854     20.5249179     22.3088278      0.0196854      0.0154680      0.0097043     -0.0000712      1.3109577      0.3915736      0.0650580      0.0037200     -0.0007770     -0.1002950      2.3959077   -205.7138943  -2930.8445641      0.0000069      0.0000048      0.0000059
      2.8869815   1292.6910891     20.5248954     22.3087983      0.0193622      0.0152451      0.0096975     -0.0000691      1.3109626      0.3909529      0.0649604      0.0037140     -0.0008393     -0.1162162      2.4068229   -191.0993475  -2999.2951110      0.0000069      0.0000048      0.0000058
      2.9537321   1322.5797267     20.5248927     22.3087948      0.0190607      0.0150243      0.0097019     -0.0000663      1.3109628      0.3901015      0.0648152      0.0037060     -0.0002027     -0.0952339      2.4339226   -217.4452429  -3011.0653426      0.0000068      0.0000048      0.0000057
      3.0221300   1353.2059615     20.5248891     22.3087901      0.0187699      0.0148106      0.0097378     -0.0000645      1.3109673      0.3903588      0.0648579      0.0037084      0.0005456     -0.0724722      2.4170814   -262.5565556  -2998.6019871      0.0000067      0.0000048      0.0000057
      3.0922158   1384.5879930     20.5249118     22.3088198      0.0185270      0.0146391      0.0097724     -0.0000626      1.3109651      0.3897124      0.0647440      0.0037024      0.0013071     -0.0611274      2.4794066   -219.9086990  -3124.1318679      0.0000067      0.0000048      0.0000055
      3.1640313   1416.7444640     20.5249333     22.3088480      0.0183242      0.0145027      0.0098535     -0.0000621      1.3109693      0.3906052      0.0648925      0.0037109      0.0017799     -0.0716177      2.5008386   -210.3866704  -3228.6044149      0.0000065      0.0000048      0.0000055
      3.2376188   1449.6944595     20.5249742     22.3089016      0.0181689      0.0144198      0.0099100     -0.0000621      1.3109683      0.3921491      0.0651455      0.0037257      0.0022420     -0.0324930      2.3568484   -248.6645525  -2885.7466407      0.0000064      0.0000048      0.0000053
      3.3130222   1483.4574896     20.5250141     22.3089539      0.0180418      0.0142015      0.0100068     -0.0000609      1.3109661      0.3931704      0.0653137      0.0037355      0.0031152      0.0433412      2.3926208   -309.4852081  -3016.7795327      0.0000063      0.0000047      0.0000053
      3.3902857   1518.0534307     20.5250801     22.3090404      0.0179580      0.0140294      0.0101261     -0.0000600      1.3109587      0.3941639      0.0654810      0.0037450      0.0032852     -0.0016004      2.3815573   -208.1995346  -3040.1199863      0.0000061      0.0000047      0.0000050
      3.4694542   1553.5023821     20.5251287     22.3091042      0.0179031      0.0138217      0.0102897     -0.0000587      1.3109563      0.3949357      0.0656149      0.0037522      0.0033843      0.0323633      2.3198157   -249.0947073  -2920.8121516      0.0000060      0.0000047      0.0000048
      3.5505725   1589.8243525     20.5251920     22.3091871      0.0178722      0.0136324      0.0104409     -0.0000571      1.3109463      0.3966369      0.0658930      0.0037686      0.0022141      0.0442132      2.2385367   -252.2230718  -2752.1302416      0.0000058      0.0000047      0.0000048
      3.6336836   1627.0386421     20.5252028     22.3092012      0.0179189      0.0134442      0.0106440     -0.0000569      1.3109461      0.4013400      0.0666767      0.0038132      0.0002222      0.0538566      2.2232945   -250.6743143  -2803.2815571      0.0000054      0.0000047      0.0000041
      3.7188265   1665.1627175     20.5252144     22.3092164      0.0179706      0.0133905      0.0108337     -0.0000572      1.3109421      0.4043935      0.0671811      0.0038424      0.0009450      0.0160442      2.0785535   -171.6458833  -2516.7150185      0.0000055      0.0000046      0.0000043
      3.8060320   1704.2103238     20.5252346     22.3092430      0.0180740      0.0132124      0.0111223     -0.0000575      1.3109460      0.4111011      0.0682989      0.0039060      0.0011776      0.0083828      2.0877974   -116.1017071  -2558.8936457      0.0000049      0.0000046      0.0000037
      3.8953158   1744.1885698     20.5252598     22.3092759      0.0182049      0.0131439      0.0114625     -0.0000586      1.3109433      0.4172330      0.0693150      0.0039644      0.0020991      0.0220047      1.9091912   -152.9905753  -2243.5612412      0.0000047      0.0000046      0.0000034
      3.9866700   1785.0938106     20.5253077     22.3093388      0.0183939      0.0128295      0.0119212     -0.0000579      1.3109415      0.4259084      0.0707681      0.0040467      0.0030079      0.1173852      1.7792057   -299.1041996  -2134.6493882      0.0000048      0.0000046      0.0000032
      4.0800505   1826.9063838     20.5253436     22.3093858      0.0187358      0.0127715      0.0125268     -0.0000600      1.3109371      0.4394461      0.0730208      0.0041754     -0.0001522      0.0684936      1.5662967   -150.8280527  -1806.2395304      0.0000033      0.0000045      0.0000026
      4.1753643   1869.5846303     20.5253058     22.3093363      0.0191264      0.0121541      0.0132395     -0.0000569      1.3109390      0.4539297      0.0754366      0.0043129     -0.0027273      0.1145469      1.4005729   -231.9230097  -1563.5554453      0.0000033      0.0000045      0.0000025
      4.2724563   1913.0590943     20.5252723     22.3092924      0.0198912      0.0113516      0.0142012     -0.0000585      1.3109447      0.4798553      0.0797338      0.0045595     -0.0008585      0.1085080      1.1617533   -170.3728934  -1236.5004960      0.0000022      0.0000045      0.0000017
      4.3710996   1957.2281875     20.5252679     22.3092924      0.0203240      0.0106899      0.0147151     -0.0000587      1.3109549      0.4959406      0.0824378      0.0047116      0.0002212      0.1349239      1.0084732   -216.7785574   -996.3614022      0.0000350      0.0000043      0.0000541
