 ***********************************
   FLAT-PLATE BOUNDARY LAYER MACH 2 
 ***********************************
 Skin friction        =   3.417213499947759E-003
 Friction Mach number =   8.291730685127277E-002
 ***********************************
 Reynolds numbers:
 ***********************************
 Retau    =   204.807471832453     
 Redelta  =   10215.9741742214     
 Retheta  =   873.357807955901     
 Redelta2 =   556.942311262552     
 ***********************************
 Shape factors:
 ***********************************
 dstar/delta99 =   0.267926153980111     
 theta/delta99 =   8.548942989301017E-002
 H             =    3.13402667809833     
 Hinc          =    1.54444660343047     
 ***********************************
 Wall-normal profiles:              
 ***********************************

      y/delta99          y+            u+             u_vd+         urms+          vrms+           wrms+          uv+      sqrt(rho/rho_w)     prms+          trms+         rhorms+     y+ du_vd+/dy+      S(u)            S(T)           F(u)           F(T)           omx+           omy+           omz+

      0.0000000      0.0000000      0.0000000      0.0000000      0.0000000      0.0000000      0.0000000      0.0000000      1.0000000      2.1774512      0.0000760      0.0209588      0.0000000      0.9148656     -0.5849704      4.2064763     -2.0333989      0.2408396      0.0000000      0.3933392
      0.0029446      0.6030836      0.6035505      0.6036285      0.2366354      0.0064168      0.1413206     -0.0004807      1.0002583      2.1682320      0.2137019      0.0196772      0.6740987      0.9148656     -0.5849704      4.2064763     -2.0333989      0.2209365      0.0208225      0.3909267
      0.0058908      1.2064885      1.2071912      1.2076406      0.4710304      0.0168702      0.2637804     -0.0027154      1.0009726      2.1701639      0.4557350      0.0186250      1.1873660      0.9354902     -0.8967381      4.2190164      6.4441612      0.1878912      0.0417192      0.3890403
      0.0088402      1.8105358      1.8102901      1.8116718      0.7033434      0.0321539      0.3684601     -0.0081519      1.0021188      2.1629413      0.7082608      0.0180238      1.8080917      0.9403951     -1.1880489      4.1735560      7.3023071      0.1621217      0.0625970      0.3875784
      0.0117942      2.4155474      2.4111887      2.4143204      0.9320201      0.0518754      0.4583423     -0.0183132      1.0037060      2.1682599      0.9916633      0.0183229      2.3981360      0.9245128     -1.4114425      4.0495726      7.8188483      0.1418466      0.0831718      0.3838854
      0.0147546      3.0218455      3.0072646      3.0132038      1.1540056      0.0744174      0.5355717     -0.0341425      1.0057141      2.1663452      1.3165574      0.0195207      2.9668443      0.8878664     -1.5440967      3.8565637      7.9170730      0.1277644      0.1030557      0.3767734
      0.0177228      3.6297528      3.5951634      3.6051756      1.3655214      0.0993234      0.6023185     -0.0561716      1.0081421      2.1755647      1.6832912      0.0218926      3.5016880      0.8334957     -1.5922461      3.6207821      7.6482724      0.1201856      0.1218452      0.3663596
      0.0207004      4.2395933      4.1711410      4.1866514      1.5628761      0.1254677      0.6601568     -0.0840691      1.0109494      2.1784587      2.0847148      0.0251730      3.9903115      0.7661007     -1.5768955      3.3713237      7.1456267      0.1185144      0.1392002      0.3537491
      0.0236890      4.8516916      4.7314300      4.7539623      1.7430286      0.1527398      0.7107186     -0.1172178      1.0141161      2.1910629      2.5098780      0.0293406      4.4222877      0.6905365     -1.5203802      3.1312132      6.5442932      0.1213170      0.1548800      0.3404602
      0.0266903      5.4663738      5.2725709      5.3036792      1.9039443      0.1803868      0.7551359     -0.1543780      1.0175796      2.1978875      2.9465413      0.0340220      4.7903083      0.6110439     -1.4406503      2.9149883      5.9373741      0.1269062      0.1687559      0.3278803
      0.0297058      6.0839672      5.7916531      5.8328539      2.0446142      0.2084948      0.7945703     -0.1944313      1.0213062      2.2130899      3.3832143      0.0391563      5.0907114      0.5308631     -1.3500697      2.7296196      5.3755201      0.1338681      0.1807968      0.3169439
      0.0327371      6.7048008      6.2864605      6.3391724      2.1649912      0.2365371      0.8297675     -0.2359546      1.0252213      2.2229188      3.8099611      0.0444352      5.3233278      0.4522643     -1.2564916      2.5767423      4.8800153      0.1412195      0.1910505      0.3080333
      0.0357858      7.3292051      6.7555101      6.8210061      2.2657449      0.2646813      0.8614999     -0.2779543      1.0292896      2.2399406      4.2189621      0.0498424      5.4910327      0.3766989     -1.1645002      2.4548590      4.4549947      0.1483689      0.1996183      0.3010743
      0.0388536      7.9575127      7.1980365      7.2774115      2.3480962      0.2925298      0.8902150     -0.3192865      1.0334365      2.2519440      4.6044036      0.0551439      5.5989455      0.3050007     -1.0765978      2.3608623      4.0960875      0.1549897      0.2066363      0.2957071
      0.0419421      8.5900582      7.6138999      7.7080530      2.4135685      0.3202649      0.9163985     -0.3593578      1.0376353      2.2700658      4.9624188      0.0603667      5.6536606      0.2375719     -0.9939550      2.2911010      3.7954678      0.1609394      0.2122567      0.2914693
      0.0450529      9.2271785      8.0034953      8.1131261      2.4638754      0.3475651      0.9402993     -0.3974288      1.0418198      2.2834712      5.2907192      0.0653336      5.6625579      0.1745223     -0.9169952      2.2419033      3.5446513      0.1661739      0.2166365      0.2879189
      0.0481878      9.8692129      8.3676259      8.4932414      2.5007515      0.3745971      0.9622202     -0.4333058      1.0459772      2.3019936      5.5883813      0.0701040      5.6331081      0.1157897     -0.8456991      2.2099307      3.3356857      0.1707195      0.2199281      0.2846939
      0.0513482     10.5165033      8.7073990      8.8493287      2.5259107      0.4010907      0.9823022     -0.4665867      1.0500527      2.3160575      5.8554706      0.0745431      5.5725299      0.0612011     -0.7798344      2.1922260      3.1616510      0.1746242      0.2222747      0.2815382
      0.0545361     11.1693945      9.0241222      9.1825375      2.5409469      0.4271893      1.0007503     -0.4973587      1.0540482      2.3343125      6.0928371      0.0787317      5.4874086      0.0105354     -0.7190418      2.1862701      3.0167026      0.1779508      0.2238065      0.2782885
      0.0577529     11.8282342      9.3192207      9.4941567      2.5473401      0.4526641      1.0176614     -0.5254357      1.0579197      2.3483460      6.3018268      0.0825652      5.3835597     -0.0364606     -0.6629158      2.1898997      2.8959281      0.1807470      0.2246395      0.2748587
      0.0610006     12.4933732      9.5941679      9.7855461      2.5464033      0.4776380      1.0331896     -0.5510588      1.0616819      2.3657400      6.4841535      0.0861363      5.2660005     -0.0800350     -0.6110343      2.2013119      2.7952605      0.1830630      0.2248757      0.2712178
      0.0642807     13.1651657      9.8504393     10.0580882      2.5393136      0.5019209      1.0474102     -0.5741571      1.0652993      2.3791568      6.6417229      0.0893613      5.1389686     -0.1204357     -0.5630058      2.2189842      2.7113648      0.1849390      0.2246034      0.2673752
      0.0675950     13.8439696     10.0894730     10.3131487      2.5270858      0.5256205      1.0604395     -0.5950349      1.0687963      2.3952189      6.7765649      0.0923376      5.0059534     -0.1578904     -0.5184792      2.2416684      2.6415721      0.1864235      0.2238983      0.2633596
      0.0709454     14.5301464     10.3126485     10.5520513      2.5106128      0.5485808      1.0723354     -0.6136752      1.0721436      2.4075670      6.8907196      0.0949969      4.8698350     -0.1926214     -0.4771543      2.2683179      2.5837561      0.1875574      0.2228255      0.2592120
      0.0743335     15.2240614     10.5212711     10.7760615      2.4906519      0.5708969      1.0831865     -0.6303941      1.0753720      2.4219633      6.9861974      0.0974354      4.7329264     -0.2248301     -0.4387618      2.2980762      2.5361834      0.1883865      0.2214402      0.2549722
      0.0777612     15.9260843     10.7165635     10.9863745      2.4678641      0.5924422      1.0930427     -0.6451956      1.0784560      2.4329262      7.0649115      0.0995955      4.5970476     -0.2547080     -0.4030555      2.3302194      2.4973915      0.1889444      0.2197897      0.2506776
      0.0812304     16.6365890     10.8996611     11.1841096      2.4428054      0.6133014      1.1019777     -0.6583790      1.0814302      2.4454491      7.1286714      0.1015682      4.4635700     -0.2824217     -0.3698007      2.3641489      2.4660909      0.1892637      0.2179145      0.2463551
      0.0847428     17.3559537     11.0716105     11.3703050      2.4159607      0.6333735      1.1100398     -0.6699523      1.0842712      2.4548229      7.1791526      0.1033033      4.3335101     -0.3081225     -0.3387791      2.3993515      2.4411507      0.1893672      0.2158497      0.2420251
      0.0883003     18.0845617     11.2333717     11.5459200      2.3877357      0.6527347      1.1172909     -0.6801842      1.0870155      2.4653597      7.2179023      0.1048843      4.2075888     -0.3319330     -0.3097877      2.4353948      2.4215676      0.1892833      0.2136259      0.2377014
      0.0919049     18.8228009     11.3858205     11.7118343      2.3584824      0.6713052      1.1237763     -0.6890789      1.0896401      2.4730276      7.2463261      0.1062665      4.0862276     -0.3539562     -0.2826457      2.4719079      2.4064785      0.1890343      0.2112700      0.2333926
      0.0955584     19.5710645     11.5297516     11.8688504      2.3284919      0.6891537      1.1295489     -0.6968690      1.0921822      2.4815426      7.2657021      0.1075255      3.9696618     -0.3742711     -0.2572039      2.5085867      2.3951520      0.1886449      0.2088053      0.2291063
      0.0992627     20.3297511     11.6658857     12.0176994      2.2980137      0.7062170      1.1346552     -0.7035526      1.0946186      2.4874564      7.2771726      0.1086208      3.8580510     -0.3929475     -0.2333504      2.5451811      2.3870106      0.1881352      0.2062519      0.2248580
      0.1030200     21.0992646     11.7948769     12.1590483      2.2672514      0.7225558      1.1391476     -0.7093264      1.0969860      2.4939639      7.2817464      0.1096197      3.7514194     -0.4100439     -0.2110015      2.5814770      2.3816085      0.1875222      0.2036270      0.2206597
      0.1068321     21.8800150     11.9173170     12.2935026      2.2363794      0.7381195      1.1430804     -0.7141827      1.0992613      2.4981130      7.2802949      0.1104852      3.6497749     -0.4256090     -0.1900870      2.6172644      2.3785959      0.1868102      0.2009463      0.2165179
      0.1107011     22.6724179     12.0337460     12.4216177      2.2055379      0.7529611      1.1465085     -0.7182870      1.1014805      2.5026462      7.2735749      0.1112755      3.5531771     -0.4396759     -0.1705395      2.6523349      2.3776901      0.1860026      0.1982236      0.2124368
      0.1146291     23.4768954     12.1446576     12.5439034      2.1748434      0.7670408      1.1494875     -0.7216295      1.1036202      2.5050349      7.2622389      0.1119561      3.4616487     -0.4522695     -0.1522841      2.6864968      2.3786394      0.1850977      0.1954716      0.2084197
      0.1186181     24.2938760     12.2505048     12.6608294      2.1443871      0.7804058      1.1520644     -0.7243508      1.1057160      2.5076437      7.2468558      0.1125773      3.3752015     -0.4634156     -0.1352374      2.7196033      2.3811971      0.1840939      0.1927010      0.2044668
      0.1226703     25.1237947     12.3517042     12.7728298      2.1142457      0.7930266      1.1542832     -0.7264399      1.1077440      2.5083145      7.2279246      0.1131073      3.2938818     -0.4731520     -0.1193131      2.7515715      2.3851280      0.1829871      0.1899220      0.2005776
      0.1267878     25.9670936     12.4486416     12.8803083      2.0844800      0.8049473      1.1561693     -0.7280129      1.1097389      2.5091025      7.2058960      0.1135900      3.2176961     -0.4815370     -0.1044287      2.7823576      2.3902257      0.1817780      0.1871432      0.1967491
      0.1309729     26.8242217     12.5416726     12.9836386      2.0551419      0.8161497      1.1577432     -0.7290546      1.1116764      2.5081716      7.1811776      0.1139971      3.1466181     -0.4886414     -0.0905040      2.8118839      2.3963034      0.1804748      0.1843724      0.1929770
      0.1352277     27.6956355     12.6311283     13.0831700      2.0262705      0.8266774      1.1590092     -0.7296572      1.1135900      2.5073213      7.1541526      0.1143679      3.0807172     -0.4945334     -0.0774651      2.8399904      2.4031690      0.1790991      0.1816166      0.1892665
      0.1395545     28.5817991     12.7173197     13.1792322      1.9978949      0.8365219      1.1599815     -0.7298005      1.1154550      2.5049805      7.1251840      0.1146777      3.0201434     -0.4992738     -0.0652508      2.8665064      2.4106508      0.1776706      0.1788822      0.1856390
      0.1439556     29.4831845     12.8005419     13.2721397      1.9700373      0.8457238      1.1606689     -0.7295564      1.1173042      2.5027128      7.0946033      0.1149618      2.9650279     -0.5029406     -0.0538147      2.8913615      2.4186240      0.1762008      0.1761755      0.1821155
      0.1484334     30.4002717     12.8810744     13.3621919      1.9427242      0.8542776      1.1610949     -0.7289045      1.1191128      2.4991401      7.0626782      0.1151981      2.9155523     -0.5056327     -0.0430993      2.9146050      2.4269963      0.1746980      0.1735020      0.1787065
      0.1529903     31.3335491     12.9591859     13.4496778      1.9159829      0.8622176      1.1612719     -0.7279067      1.1209127      2.4956104      7.0296165      0.1154165      2.8718153     -0.5074571     -0.0330210      2.9363198      2.4356706      0.1731670      0.1708658      0.1754060
      0.1576286     32.2835137     13.0351284     13.5348697      1.8898401      0.8695412      1.1612199     -0.7265479      1.1226791      2.4909165      6.9955950      0.1155960      2.8337487     -0.5085032     -0.0234894      2.9565413      2.4445328      0.1716086      0.1682699      0.1722059
      0.1623509     33.2506715     13.1091379     13.6180240      1.8643127      0.8762795      1.1609431     -0.7248804      1.1244429      2.4862504      6.9607887      0.1157630      2.8011487     -0.5088366     -0.0144402      2.9752378      2.4534760      0.1700268      0.1657163      0.1691047
      0.1671596     34.2355376     13.1814300     13.6993751      1.8394119      0.8824348      1.1604572     -0.7228885      1.1261793      2.4805629      6.9253579      0.1158990      2.7736805     -0.5084930     -0.0058410      2.9923728      2.4624509      0.1684216      0.1632071      0.1660953
      0.1720574     35.2386364     13.2522020     13.7791385      1.8151393      0.8880357      1.1597659     -0.7206110      1.1279184      2.4749049      6.8894166      0.1160271      2.7510626     -0.5074962      0.0023274      3.0079764      2.4714455      0.1667876      0.1607448      0.1631702
      0.1770468     36.2605021     13.3216346     13.8575124      1.7914863      0.8930868      1.1588778     -0.7180291      1.1296351      2.4683419      6.8530146      0.1161296      2.7330399     -0.5058772      0.0100753      3.0221365      2.4804439      0.1651146      0.1583319      0.1603335
      0.1821305     37.3016791     13.3898940     13.9346795      1.7684331      0.8976131      1.1577702     -0.7151729      1.1313585      2.4617930      6.8161587      0.1162256      2.7193480     -0.5036821      0.0173975      3.0348692      2.4894327      0.1634098      0.1559690      0.1575962
      0.1873111     38.3627217     13.4571313     14.0108063      1.7459569      0.9016199      1.1564139     -0.7120327      1.1330637      2.4544263      6.7788404      0.1162985      2.7096155     -0.5009325      0.0242953      3.0460657      2.4984177      0.1617048      0.1536557      0.1549631
      0.1925916     39.4441951     13.5234819     14.0860426      1.7240376      0.9051261      1.1547710     -0.7086426      1.1347791      2.4470639      6.7410659      0.1163655      2.7035110     -0.4976442      0.0307971      3.0556451      2.5074311      0.1600259      0.1513922      0.1524327
      0.1979746     40.5466752     13.5890699     14.1605264      1.7026647      0.9081350      1.1528439     -0.7049964      1.1364797      2.4389745      6.7028568      0.1164119      2.7009244     -0.4938612      0.0369645      3.0636712      2.5164658      0.1583612      0.1491794      0.1499992
      0.2034630     41.6707492     13.6540144     14.2343901      1.6818352      0.9106600      1.1506497     -0.7011165      1.1381936      2.4308915      6.6642666      0.1164540      2.7019092     -0.4896706      0.0428535      3.0703607      2.5254637      0.1566852      0.1470172      0.1476625
      0.2090598     42.8170157     13.7184305     14.3077629      1.6615589      0.9127057      1.1482261     -0.6969904      1.1398965      2.4221462      6.6253831      0.1164802      2.7064279     -0.4852007      0.0484849      3.0761510      2.5344484      0.1549811      0.1449044      0.1454231
      0.2147680     43.9860851     13.7824239     14.3807638      1.6418566      0.9142854      1.1455934     -0.6926334      1.1416165      2.4133781      6.5862918      0.1165070      2.7139973     -0.4806162      0.0538617      3.0815889      2.5435103      0.1532339      0.1428397      0.1432493
      0.2205905     45.1785802     13.8460812     14.4534906      1.6227493      0.9154105      1.1427627     -0.6880375      1.1433296      2.4039924      6.5470332      0.1165233      2.7239193     -0.4760537      0.0590155      3.0869669      2.5527266      0.1514554      0.1408232      0.1410872
      0.2265305     46.3951359     13.9094746     14.5260250      1.6042261      0.9160997      1.1397160     -0.6832141      1.1450629      2.3945851      6.5076265      0.1165420      2.7360420     -0.4715566      0.0640292      3.0920817      2.5620449      0.1496826      0.1388535      0.1389265
      0.2325911     47.6364002     13.9726787     14.5984524      1.5862456      0.9163702      1.1364552     -0.6781479      1.1467919      2.3846289      6.4681248      0.1165518      2.7508802     -0.4670594      0.0690036      3.0964432      2.5712293      0.1479256      0.1369300      0.1368135
      0.2387756     48.9030340     14.0357797     14.6708714      1.5687612      0.9162394      1.1329938     -0.6728390      1.1485431      2.3746396      6.4286178      0.1165649      2.7689700     -0.4624449      0.0739786      3.0997166      2.5799015      0.1461535      0.1350529      0.1347784
      0.2450873     50.1957121     14.0988676     14.7433857      1.5517381      0.9157236      1.1293550     -0.6672778      1.1502926      2.3641133      6.3891533      0.1165714      2.7902932     -0.4576215      0.0789032      3.1017639      2.5878261      0.1443702      0.1332228      0.1328047
      0.2515295     51.5151228     14.1620228     14.8160887      1.5351388      0.9148349      1.1255414     -0.6614810      1.1520668      2.3534932      6.3496998      0.1165814      2.8143591     -0.4525750      0.0837261      3.1025441      2.5950423      0.1426217      0.1314368      0.1308808
      0.2581057     52.8619689     14.2253075     14.8890530      1.5189323      0.9135837      1.1215835     -0.6554777      1.1538419      2.3422984      6.3102048      0.1165833      2.8400322     -0.4473783      0.0884721      3.1022198      2.6017469      0.1409115      0.1296902      0.1290063
      0.2648193     54.2369675     14.2887489     14.9623115      1.5031072      0.9119754      1.1175233     -0.6493211      1.1556437      2.3309222      6.2707307      0.1165869      2.8656460     -0.4421706      0.0932757      3.1011057      2.6080409      0.1392003      0.1279788      0.1271616
      0.2716739     55.6408510     14.3523413     15.0358590      1.4876739      0.9100232      1.1133992     -0.6430428      1.1574482      2.3189579      6.2314842      0.1165855      2.8902072     -0.4370787      0.0982591      3.0992862      2.6138859      0.1374761      0.1263009      0.1253272
      0.2786733     57.0743670     14.4160720     15.1096824      1.4726479      0.9077393      1.1092019     -0.6366582      1.1592810      2.3068020      6.1925878      0.1165909      2.9141198     -0.4321766      0.1034340      3.0966241      2.6193278      0.1357212      0.1246558      0.1235008
      0.2858210     58.5382790     14.4799481     15.1837914      1.4580476      0.9051463      1.1048722     -0.6301695      1.1611181      2.2940934      6.1539542      0.1165929      2.9385377     -0.4275518      0.1088070      3.0935074      2.6245715      0.1339393      0.1230411      0.1216763
      0.2931210     60.0333666     14.5440017     15.2582251      1.4438664      0.9022616      1.1003063     -0.6235735      1.1629849      2.2811953      6.1154598      0.1165976      2.9647093     -0.4233772      0.1144091      3.0907122      2.6296964      0.1321717      0.1214544      0.1198629
      0.3005771     61.5604261     14.6082927     15.3330548      1.4300610      0.8991093      1.0954544     -0.6168563      1.1648579      2.2677766      6.0770300      0.1165958      2.9940292     -0.4197994      0.1202109      3.0885027      2.6346047      0.1304341      0.1198930      0.1181187
      0.3081932     63.1202707     14.6729081     15.4083840      1.4165757      0.8956982      1.0903244     -0.6100157      1.1667616      2.2541821      6.0385722      0.1165943      3.0276177     -0.4168835      0.1261867      3.0865920      2.6391194      0.1287067      0.1183543      0.1164825
      0.3159735     64.7137311     14.7379458     15.4843297      1.4033818      0.8920438      1.0849411     -0.6030561      1.1686735      2.2401287      6.0000045      0.1165854      3.0654045     -0.4145956      0.1323785      3.0843377      2.6432040      0.1269878      0.1168381      0.1149145
      0.3239220     66.3416560     14.8034796     15.5609810      1.3904502      0.8881544      1.0793015     -0.5959819      1.1706199      2.2259649      5.9614766      0.1165801      3.1050951     -0.4126503      0.1388625      3.0806070      2.6467834      0.1253018      0.1153440      0.1133800
      0.3320431     68.0049123     14.8695175     15.6383510      1.3777485      0.8840425      1.0734181     -0.5887993      1.1725795      2.2114607      5.9232857      0.1165788      3.1436076     -0.4107562      0.1455611      3.0747587      2.6495732      0.1236416      0.1138695      0.1118269
      0.3403410     69.7043859     14.9360244     15.7164021      1.3652279      0.8797065      1.0672970     -0.5814915      1.1745778      2.1969700      5.8855345      0.1165939      3.1804957     -0.4089567      0.1523368      3.0681575      2.6516448      0.1220144      0.1124111      0.1102271
      0.3488202     71.4409818     15.0029870     15.7951224      1.3528274      0.8751592      1.0609533     -0.5740359      1.1765925      2.1822990      5.8481473      0.1166208      3.2175571     -0.4076777      0.1591629      3.0628205      2.6534211      0.1204076      0.1109667      0.1086824
      0.3574851     73.2156249     15.0704248     15.8745384      1.3405496      0.8704054      1.0543627     -0.5664320      1.1786476      2.1677567      5.8110559      0.1166667      3.2557573     -0.4074392      0.1661785      3.0600863      2.6553298      0.1188206      0.1095348      0.1072014
      0.3663404     75.0292602     15.1383607     15.9546813      1.3284356      0.8654510      1.0474782     -0.5586931      1.1807199      2.1531055      5.7742948      0.1167256      3.2948387     -0.4084133      0.1735428      3.0593624      2.6572293      0.1172909      0.1081125      0.1056860
      0.3753909     76.8828538     15.2068101     16.0355732      1.3164430      0.8602771      1.0403044     -0.5508116      1.1828320      2.1385471      5.7378574      0.1168030      3.3344564     -0.4103293      0.1812651      3.0587995      2.6589335      0.1157591      0.1066920      0.1041341
      0.3846412     78.7773927     15.2757817     16.1172284      1.3044903      0.8548787      1.0328617     -0.5427944      1.1849596      2.1238223      5.7016255      0.1168890      3.3742052     -0.4129817      0.1893646      3.0577125      2.6605637      0.1142012      0.1052650      0.1025651
      0.3940964     80.7138860     15.3452743     16.1996495      1.2925269      0.8492467      1.0251190     -0.5346726      1.1871244      2.1091709      5.6655531      0.1169874      3.4137209     -0.4165722      0.1978715      3.0573433      2.6621921      0.1126635      0.1038318      0.1010229
      0.4037615     82.6933648     15.4152820     16.2828336      1.2805541      0.8433829      1.0170349     -0.5264889      1.1893028      2.0943553      5.6298134      0.1170953      3.4527404     -0.4215996      0.2067831      3.0596742      2.6638608      0.1111397      0.1024014      0.0995001
      0.4136416     84.7168835     15.4857981     16.3667767      1.2685878      0.8372814      1.0085771     -0.5182486      1.1915178      2.0795450      5.5945436      0.1172242      3.4918276     -0.4283801      0.2161063      3.0652811      2.6659224      0.1096334      0.1009758      0.0978942
      0.4237420     86.7855197     15.5568493     16.4515147      1.2565611      0.8309580      0.9997998     -0.5099240      1.1937475      2.0644869      5.5594223      0.1173639      3.5341194     -0.4366244      0.2258031      3.0729866      2.6682371      0.1081130      0.0995559      0.0962764
      0.4340680     88.9003751     15.6285254     16.5371592      1.2443441      0.8244073      0.9907552     -0.5014691      1.1960179      2.0493676      5.5236262      0.1175047      3.5807656     -0.4455256      0.2357542      3.0817346      2.6707309      0.1065751      0.0981380      0.0948084
      0.4446253     91.0625760     15.7008822     16.6237822      1.2319311      0.8176251      0.9814597     -0.4928579      1.1983099      2.0340093      5.4866539      0.1176296      3.6284368     -0.4548672      0.2460566      3.0929534      2.6738311      0.1050635      0.0967139      0.0933986
      0.4554193     93.2732739     15.7739145     16.7113829      1.2193517      0.8105902      0.9719484     -0.4840384      1.2006484      2.0186405      5.4485530      0.1177435      3.6757756     -0.4647701      0.2570458      3.1069031      2.6774910      0.1035585      0.0952792      0.0918851
      0.4664559     95.5336462     15.8476355     16.7999830      1.2065063      0.8033089      0.9622114     -0.4749921      1.2030123      2.0030569      5.4097138      0.1178472      3.7252162     -0.4752735      0.2686784      3.1221593      2.6807196      0.1020042      0.0938340      0.0903112
      0.4777409     97.8448967     15.9221198     16.8896784      1.1932555      0.7957875      0.9521205     -0.4657087      1.2054229      1.9873920      5.3701638      0.1179462      3.7802807     -0.4863928      0.2805373      3.1366444      2.6833169      0.1004390      0.0923758      0.0888081
      0.4892803    100.2082562     15.9975100     16.9806472      1.1795443      0.7880519      0.9416338     -0.4561498      1.2078579      1.9714694      5.3296496      0.1180282      3.8445514     -0.4983052      0.2926761      3.1500916      2.6855763      0.0988469      0.0908990      0.0874428
      0.5010803    102.6249834     16.0739874     17.0731159      1.1653877      0.7800968      0.9307391     -0.4462649      1.2103407      1.9554069      5.2880743      0.1180945      3.9167336     -0.5110706      0.3053365      3.1631558      2.6877539      0.0971861      0.0893997      0.0861836
      0.5131471    105.0963654     16.1516244     17.1671806      1.1508838      0.7718896      0.9192502     -0.4360366      1.2128506      1.9389539      5.2454021      0.1181368      3.9879051     -0.5249308      0.3189714      3.1777582      2.6908502      0.0955308      0.0878789      0.0848829
      0.5254873    107.6237183     16.2303063     17.2627108      1.1361130      0.7633728      0.9070297     -0.4254478      1.2154118      1.9221091      5.2017989      0.1181604      4.0505206     -0.5401693      0.3340372      3.1947174      2.6957773      0.0939380      0.0863367      0.0834569
      0.5381073    110.2083882     16.3098454     17.3594865      1.1211011      0.7544859      0.8941828     -0.4144454      1.2180019      1.9044844      5.1574276      0.1181653      4.1040235     -0.5569237      0.3504614      3.2133677      2.7025965      0.0923207      0.0847670      0.0819605
      0.5510138    112.8517516     16.3900666     17.4573020      1.1058665      0.7451721      0.8808705     -0.4029912      1.2206425      1.8859296      5.1122489      0.1181528      4.1477416     -0.5751410      0.3682394      3.2336541      2.7105160      0.0905851      0.0831610      0.0803815
      0.5642139    115.5552162     16.4707708     17.5559208      1.0903541      0.7354281      0.8671372     -0.3911285      1.2233150      1.8661037      5.0662743      0.1181148      4.1830401     -0.5939014      0.3873488      3.2534773      2.7194913      0.0886943      0.0815167      0.0787483
      0.5777144    118.3202218     16.5518505     17.6552175      1.0744021      0.7252845      0.8527822     -0.3788798      1.2260433      1.8451180      5.0192178      0.1180488      4.2153417     -0.6134518      0.4075231      3.2753285      2.7301476      0.0867414      0.0798305      0.0771420
      0.5915226    121.1482410     16.6332884     17.7551763      1.0578871      0.7147852      0.8375845     -0.3663080      1.2288052      1.8230657      4.9705142      0.1179361      4.2490330     -0.6349867      0.4286510      3.3026532      2.7422416      0.0847331      0.0781099      0.0755193
      0.6056458    124.0407799     16.7151419     17.8558735      1.0404752      0.7039585      0.8214881     -0.3534257      1.2316200      1.8004184      4.9204841      0.1177811      4.2872290     -0.6579342      0.4511616      3.3329970      2.7558230      0.0827059      0.0763505      0.0738517
      0.6200915    126.9993789     16.7974849     17.9574059      1.0218157      0.6928063      0.8047170     -0.3401991      1.2344641      1.7772151      4.8691386      0.1175838      4.3271937     -0.6825654      0.4747464      3.3672103      2.7695585      0.0806447      0.0745417      0.0722111
      0.6348675    130.0256137     16.8802753     18.0597276      1.0017996      0.6812748      0.7873817     -0.3265534      1.2373609      1.7532984      4.8156937      0.1173330      4.3610152     -0.7093542      0.4993171      3.4070292      2.7836909      0.0785797      0.0726810      0.0706235
      0.6499816    133.1210960     16.9633469     18.1626387      0.9805376      0.6692857      0.7692935     -0.3124219      1.2402875      1.7281321      4.7605665      0.1170228      4.3858147     -0.7387510      0.5254169      3.4521256      2.7978324      0.0765204      0.0707650      0.0690466
      0.6654419    136.2874743     17.0465507     18.2659591      0.9583429      0.6567406      0.7503919     -0.2978160      1.2432619      1.7015277      4.7034218      0.1166409      4.4037797     -0.7715526      0.5530163      3.5053594      2.8115892      0.0743285      0.0687895      0.0673944
      0.6812566    139.5264350     17.1297604     18.3695353      0.9354075      0.6435796      0.7306890     -0.2828208      1.2462625      1.6731346      4.6439253      0.1161677      4.4143204     -0.8086254      0.5832625      3.5750560      2.8291435      0.0719643      0.0667579      0.0656641
      0.6974340    142.8397030     17.2128216     18.4731781      0.9117265      0.6298266      0.7099961     -0.2674752      1.2493110      1.6430435      4.5823664      0.1156002      4.4167821     -0.8511459      0.6174040      3.6638464      2.8519545      0.0695139      0.0646691      0.0638222
      0.7139829    146.2290429     17.2956026     18.5767245      0.8870618      0.6155582      0.6880946     -0.2518031      1.2523868      1.6111681      4.5175904      0.1149107      4.4132035     -0.8989834      0.6553666      3.7715218      2.8819185      0.0669398      0.0625251      0.0619200
      0.7309121    149.6962596     17.3780052     18.6800530      0.8609609      0.6008789      0.6648326     -0.2358822      1.2555051      1.5780347      4.4498130      0.1141057      4.4045666     -0.9525293      0.6972478      3.9032638      2.9190156      0.0643274      0.0603233      0.0602085
      0.7482305    153.2431999     17.4599045     18.7830063      0.8333449      0.5857799      0.6405588     -0.2198072      1.2586412      1.5432342      4.3794034      0.1131728      4.3856404     -1.0131346      0.7447557      4.0642769      2.9688976      0.0616707      0.0580380      0.0585581
      0.7659474    156.8717525     17.5410111     18.8852194      0.8043111      0.5701598      0.6157628     -0.2037213      1.2618212      1.5065642      4.3043686      0.1120571      4.3447194     -1.0803071      0.7986876      4.2598279      3.0351807      0.0588773      0.0556746      0.0567185
      0.7840722    160.5838500     17.6208418     18.9860794      0.7736275      0.5539348      0.5904109     -0.1876961      1.2650233      1.4676042      4.2237569      0.1107219      4.2760402     -1.1534761      0.8602628      4.4916199      3.1223510      0.0560245      0.0532551      0.0547785
      0.8026146    164.3814694     17.6989072     19.0849601      0.7412049      0.5371276      0.5643810     -0.1717683      1.2682564      1.4268865      4.1367812      0.1091497      4.1800125     -1.2342601      0.9305721      4.7691039      3.2364833      0.0531780      0.0507801      0.0528395
      0.8215844    168.2666331     17.7747407     19.1812591      0.7073349      0.5197238      0.5376588     -0.1560759      1.2714921      1.3845816      4.0422571      0.1073043      4.0622830     -1.3241112      1.0109197      5.1148111      3.3834521      0.0502826      0.0482379      0.0507973
      0.8409918    172.2414105     17.8480153     19.2745462      0.6716876      0.5016886      0.5100985     -0.1405607      1.2747421      1.3408942      3.9377030      0.1051325      3.9253598     -1.4208468      1.1014663      5.5298463      3.5681738      0.0473634      0.0456231      0.0488068
      0.8608471    176.3079188     17.9182899     19.3642417      0.6341912      0.4830267      0.4821052     -0.1252554      1.2779736      1.2952169      3.8213487      0.1025728      3.7544121     -1.5240424      1.2050689      6.0241707      3.8094228      0.0443935      0.0429399      0.0468221
      0.8811608    180.4683252     17.9848628     19.4494275      0.5955016      0.4636917      0.4538543     -0.1104601      1.2811963      1.2476942      3.6911963      0.0995741      3.5453271     -1.6359949      1.3235261      6.6274373      4.1228542      0.0414570      0.0402122      0.0446728
      0.9019439    184.7248489     18.0471869     19.5293756      0.5559322      0.4436989      0.4251707     -0.0964093      1.2843635      1.1980733      3.5455679      0.0961046      3.3103113     -1.7572482      1.4560644      7.3820514      4.5133474      0.0385648      0.0374451      0.0423845
      0.9232074    189.0797663     18.1048751     19.6035573      0.5157944      0.4230530      0.3960977     -0.0831544      1.2874550      1.1468832      3.3853984      0.0921949      3.0524357     -1.8880034      1.6050674      8.3126487      5.0052383      0.0355904      0.0346561      0.0399395
      0.9449627    193.5354189     18.1575483     19.6714497      0.4754967      0.4018567      0.3665580     -0.0708494      1.2904173      1.0945603      3.2123566      0.0878735      2.7749325     -2.0263046      1.7749509      9.4519691      5.6380632      0.0327122      0.0318778      0.0373964
      0.9672217    198.0942305     18.2049854     19.7327302      0.4351374      0.3802491      0.3373819     -0.0596243      1.2932352      1.0421363      3.0296820      0.0832163      2.4888193     -2.1627249      1.9699865     10.7704598      6.4515039      0.0298550      0.0291264      0.0348797
      0.9899968    202.7587364     18.2471310     19.7872896      0.3951524      0.3583207      0.3092485     -0.0494783      1.2958591      0.9900573      2.8394630      0.0782738      2.1987930     -2.2905009      2.1944678     12.2977321      7.4966199      0.0269881      0.0264101      0.0324441
      1.0133011    207.5316366     18.2839372     19.8350302      0.3564011      0.3361644      0.2820004     -0.0404110      1.2982951      0.9389136      2.6408643      0.0730491      1.9040551     -2.3933924      2.4531228     13.9735859      8.8459747      0.0242532      0.0237493      0.0299074
      1.0371491    212.4158807     18.3153947     19.8759061      0.3196077      0.3139216      0.2559400     -0.0324860      1.3005100      0.8884643      2.4358684      0.0675844      1.6118899     -2.4609184      2.7540031     15.8232976     10.6075320      0.0216490      0.0211692      0.0273119
      1.0615570    217.4147957     18.3417046     19.9101486      0.2853381      0.2916928      0.2309902     -0.0256840      1.3025042      0.8391148      2.2284512      0.0619879      1.3364702     -2.4887509      3.1071198     17.9177179     12.9577535      0.0192615      0.0186952      0.0247344
      1.0865437    222.5322626     18.3632669     19.9382525      0.2540159      0.2695044      0.2073240     -0.0199332      1.3042538      0.7911720      2.0204128      0.0563202      1.0825847     -2.4381254      3.5239249     19.6504586     16.1217430      0.0169244      0.0163632      0.0220988
      1.1121320    227.7729377     18.3804732     19.9607070      0.2260986      0.2476260      0.1847636     -0.0151684      1.3057822      0.7458783      1.8131362      0.0506510      0.8509084     -2.3079315      4.0174268     21.1087918     20.3915669      0.0148715      0.0141907      0.0193857
      1.1383496    233.1424975     18.3938054     19.9781246      0.2013952      0.2263561      0.1637564     -0.0113424      1.3070750      0.7040178      1.6098524      0.0450786      0.6502348     -2.1120451      4.6000112     22.3481367     26.1342562      0.0129433      0.0122230      0.0167931
      1.1652303    238.6478746     18.4039142     19.9913430      0.1790611      0.2059806      0.1444570     -0.0083291      1.3081638      0.6658427      1.4136088      0.0396951      0.4901107     -1.8522458      5.3010237     23.2611054     34.1292517      0.0111548      0.0104355      0.0145226
      1.1928150    244.2974316     18.4115226     20.0012995      0.1589519      0.1867017      0.1266112     -0.0059496      1.3090507      0.6315980      1.2273676      0.0345776      0.3651510     -1.5114617      6.1624335     23.4001317     45.5427697      0.0095120      0.0087790      0.0124494
      1.2211519    250.1010273     18.4171312     20.0086434      0.1414205      0.1686972      0.1101079     -0.0041336      1.3097728      0.6014641      1.0552031      0.0298372      0.2642716     -1.0957043      7.2451785     22.6778446     62.3820653      0.0080879      0.0072941      0.0104464
      1.2502959    256.0699356     18.4211353     20.0138889      0.1262151      0.1520814      0.0954558     -0.0028264      1.3103279      0.5755813      0.8988567      0.0255450      0.1834856     -0.6430054      8.5786520     21.2196692     86.9360080      0.0067509      0.0059825      0.0086506
      1.2803078    262.2166129     18.4238754     20.0174801      0.1130396      0.1368672      0.0828053     -0.0019052      1.3107595      0.5532487      0.7575703      0.0216854      0.1235868     -0.2212265     10.2268029     19.0209613    122.7959026      0.0054956      0.0048239      0.0071781
      1.3112527    268.5543432     18.4257164     20.0198933      0.1018308      0.1229634      0.0721320     -0.0012542      1.3110767      0.5343520      0.6297945      0.0182213      0.0796957      0.1397661     12.3279328     16.6599914    178.3905912      0.0044408      0.0038421      0.0058403
      1.3431972    275.0968206     18.4268547     20.0213860      0.0922176      0.1102813      0.0632323     -0.0008281      1.3113169      0.5177755      0.5182071      0.0152250      0.0468067      0.4419180     15.0391791     13.6422140    267.1086947      0.0035553      0.0030103      0.0045459
      1.3762083    281.8577470     18.4275083     20.0222431      0.0838196      0.0988907      0.0556046     -0.0005680      1.3114814      0.5040541      0.4182626      0.0126270      0.0251945      0.5852089     18.3844163     11.4480056    403.8615073      0.0028273      0.0022956      0.0034465
      1.4103514    288.8505125     18.4278524     20.0226944      0.0764028      0.0888265      0.0490013     -0.0004182      1.3116025      0.4921007      0.3342484      0.0105163      0.0137363      0.6160315     22.6333092      9.6645763    627.0294046      0.0022585      0.0017141      0.0026541
      1.4456895    296.0880038     18.4280568     20.0229625      0.0699458      0.0799084      0.0433457     -0.0003254      1.3116758      0.4822367      0.2649802      0.0088790      0.0075921      0.6413155     26.9858691      8.0891637    921.9796664      0.0017878      0.0012410      0.0019744
      1.4822826    303.5825494     18.4281569     20.0230938      0.0641243      0.0720058      0.0385267     -0.0002603      1.3117333      0.4732817      0.2024173      0.0075233      0.0041772      0.6194600     30.5647091      6.8576049   1298.5295907      0.0012905      0.0008481      0.0013642
      1.5201886    311.3459811     18.4282264     20.0231849      0.0589420      0.0651197      0.0344647     -0.0002147      1.3117660      0.4659257      0.1430853      0.0064166      0.0023537      0.5405889     28.4851996      5.3884403   1466.0003121      0.0008224      0.0005423      0.0008427
      1.5594635    319.3897724     18.4282518     20.0232183      0.0543789      0.0591775      0.0310067     -0.0001869      1.3117932      0.4590427      0.1007783      0.0057439      0.0011698      0.4605195     17.4449986      4.2247391   1094.2178035      0.0004740      0.0003291      0.0005255
      1.6001624    327.7252110     18.4282732     20.0232463      0.0504011      0.0540293      0.0280571     -0.0001727      1.3118000      0.4532924      0.0840271      0.0054733      0.0001582      0.3834002      9.1124193      4.0429896    747.4925534      0.0003250      0.0001930      0.0003037
      1.6423403    336.3635688     18.4282607     20.0232299      0.0468728      0.0495165      0.0255265     -0.0001657      1.3118103      0.4476989      0.0778511      0.0053394     -0.0004174      0.3169449      3.9240105      3.2788291    460.4824699      0.0002209      0.0001072      0.0001539
      1.6860530    345.3162481     18.4282580     20.0232264      0.0437582      0.0455386      0.0233398     -0.0001605      1.3118098      0.4429434      0.0743784      0.0052496     -0.0007629      0.2655298      0.6858355      3.2900124    348.8142546      0.0001057      0.0000378      0.0000798
      1.7313572    354.5948958     18.4282296     20.0231892      0.0409769      0.0420093      0.0214095     -0.0001572      1.3118175      0.4382100      0.0728091      0.0051838     -0.0011661      0.2258698     -0.1210351      3.7064266    306.9848804      0.0000235      0.0000078      0.0000232
      1.7783115    364.2114853     18.4282109     20.0231646      0.0385157      0.0388826      0.0197332     -0.0001538      1.3118156      0.4341535      0.0720723      0.0051352     -0.0015071      0.1936266     -0.1669987      5.0650829    334.4057838      0.0000047      0.0000056      0.0000068
      1.8269762    374.1783745     18.4281681     20.0231085      0.0363030      0.0360891      0.0182468     -0.0001519      1.3118228      0.4301387      0.0714046      0.0050877     -0.0018171      0.1716286     -0.1671767      2.2115770    336.8834785      0.0000039      0.0000056      0.0000050
      1.8774137    384.5083457     18.4281372     20.0230679      0.0343450      0.0336183      0.0169637     -0.0001495      1.3118208      0.4266670      0.0708307      0.0050466     -0.0019075      0.1501586     -0.1724862      6.9085744    350.6936505      0.0000041      0.0000057      0.0000050
      1.9296886    395.2146347     18.4280894     20.0230052      0.0325777      0.0314100      0.0158206     -0.0001483      1.3118279      0.4233134      0.0702702      0.0050070     -0.0018982      0.1375246     -0.1780106      4.4531964    366.1140838      0.0000043      0.0000058      0.0000051
      1.9838678    406.3109543     18.4280585     20.0229647      0.0310173      0.0294692      0.0148459     -0.0001465      1.3118258      0.4203352      0.0697817      0.0049716     -0.0017202      0.1287765     -0.1740984      1.0328580    364.2977298      0.0000046      0.0000059      0.0000053
      2.0400209    417.8115147     18.4280159     20.0229088      0.0296051      0.0277369      0.0139789     -0.0001455      1.3118326      0.4176819      0.0693343      0.0049404     -0.0016296      0.1178104     -0.1690780      6.3976210    351.6756034      0.0000049      0.0000060      0.0000054
      2.0982196    429.7310428     18.4279880     20.0228722      0.0283608      0.0262220      0.0132515     -0.0001439      1.3118306      0.4152359      0.0689359      0.0049112     -0.0016552      0.1098964     -0.1711434      6.4758777    378.9558986      0.0000052      0.0000061      0.0000056
      2.1585384    442.0848020     18.4279436     20.0228140      0.0272356      0.0248682      0.0126110     -0.0001431      1.3118378      0.4134493      0.0686309      0.0048902     -0.0018269      0.1005390     -0.1652859     15.8714351    366.7103006      0.0000055      0.0000062      0.0000057
      2.2210548    454.8886114     18.4279094     20.0227691      0.0262453      0.0236766      0.0120827     -0.0001416      1.3118368      0.4114720      0.0683122      0.0048665     -0.0019019      0.0964872     -0.1722998     17.7726797    401.7363363      0.0000058      0.0000063      0.0000058
      2.2858486    468.1588664     18.4278608     20.0227053      0.0253544      0.0226037      0.0116318     -0.0001410      1.3118448      0.4103352      0.0681145      0.0048532     -0.0019621      0.0939487     -0.1704566     15.7414299    412.6550353      0.0000060      0.0000063      0.0000060
      2.3530028    481.9125595     18.4278237     20.0226567      0.0245696      0.0216678      0.0112660     -0.0001398      1.3118449      0.4086200      0.0678387      0.0048326     -0.0019100      0.0850257     -0.1548325     21.5172750    387.0711384      0.0000063      0.0000064      0.0000061
      2.4226035    496.1673017     18.4277746     20.0225922      0.0238678      0.0208268      0.0109746     -0.0001391      1.3118530      0.4079361      0.0677149      0.0048247     -0.0020990      0.0741128     -0.1566376     31.2413999    402.2691347      0.0000066      0.0000064      0.0000062
      2.4947398    510.9413437     18.4277304     20.0225342      0.0232524      0.0201208      0.0107421     -0.0001383      1.3118534      0.4066651      0.0675119      0.0048095     -0.0022335      0.0695640     -0.1546800     17.8243171    392.1858203      0.0000068      0.0000064      0.0000063
      2.5695039    526.2535962     18.4276735     20.0224596      0.0227118      0.0194692      0.0105858     -0.0001375      1.3118622      0.4064525      0.0674697      0.0048071     -0.0024965      0.0490276     -0.1654533     41.4915497    422.0642175      0.0000070      0.0000064      0.0000063
      2.6469915    542.1236438     18.4276181     20.0223869      0.0222452      0.0189505      0.0104660     -0.0001373      1.3118633      0.4056993      0.0673487      0.0047981     -0.0026851      0.0381612     -0.1725538     47.0244000    433.9249882      0.0000071      0.0000065      0.0000064
      2.7273016    558.5717458     18.4275516     20.0222997      0.0218518      0.0184326      0.0104315     -0.0001364      1.3118731      0.4063406      0.0674506      0.0048057     -0.0028718      0.0335413     -0.1742887     46.7217595    441.0506816      0.0000072      0.0000065      0.0000064
      2.8105361    575.6188025     18.4274878     20.0222161      0.0215210      0.0180177      0.0104203     -0.0001359      1.3118744      0.4061197      0.0674169      0.0048030     -0.0029175      0.0332093     -0.1691936     27.6547725    402.5963431      0.0000072      0.0000065      0.0000064
      2.8967998    593.2862501     18.4274175     20.0221238      0.0212610      0.0175669      0.0105037     -0.0001340      1.3118840      0.4073283      0.0676186      0.0048173     -0.0029656      0.0217071     -0.1819071     52.7302992    417.1502609      0.0000072      0.0000065      0.0000063
      2.9861987    611.5958126     18.4273505     20.0220359      0.0210654      0.0172399      0.0106066     -0.0001326      1.3118848      0.4078125      0.0676973      0.0048231     -0.0030355      0.0230609     -0.1957803     46.4971148    421.9192591      0.0000071      0.0000065      0.0000063
      3.0788378    630.5689945     18.4272749     20.0219367      0.0209483      0.0168577      0.0107983     -0.0001294      1.3118937      0.4105680      0.0681586      0.0048556     -0.0033447      0.0160831     -0.1882735     57.2116950    393.5853771      0.0000070      0.0000064      0.0000060
      3.1748165    650.2261445     18.4271966     20.0218340      0.0209525      0.0166306      0.0110350     -0.0001285      1.3118962      0.4144346      0.0687926      0.0049015     -0.0033108      0.0102488     -0.1912654     46.5050265    401.2202787      0.0000069      0.0000065      0.0000061
      3.2742207    670.5848710     18.4271181     20.0217310      0.0210412      0.0162605      0.0113606     -0.0001248      1.3119064      0.4206983      0.0698402      0.0049752     -0.0035344     -0.0008966     -0.1845094     35.9017101    405.7884942      0.0000065      0.0000064      0.0000056
      3.3771111    691.6575840     18.4270331     20.0216196      0.0213169      0.0160703      0.0118176     -0.0001252      1.3119089      0.4300311      0.0713742      0.0050859     -0.0033472     -0.0339787     -0.1684916     59.9552807    378.2731367      0.0000063      0.0000065      0.0000053
      3.4835058    713.4480149     18.4269595     20.0215230      0.0216285      0.0155849      0.0123706     -0.0001204      1.3119178      0.4405551      0.0731355      0.0052099     -0.0031880     -0.0528148     -0.1601414     59.3159569    366.5305590      0.0000062      0.0000065      0.0000051
      3.5933589    735.9467562     18.4268746     20.0214116      0.0222426      0.0152934      0.0131872     -0.0001217      1.3119193      0.4585620      0.0760992      0.0054234     -0.0039918     -0.0695252     -0.1321253     48.7616686    317.8960888      0.0000048      0.0000065      0.0000045
      3.7065356    759.1261868     18.4267682     20.0212720      0.0228648      0.0143891      0.0140280     -0.0001157      1.3119244      0.4765814      0.0791145      0.0056357     -0.0053167     -0.0841830     -0.1062032     37.6564513    288.6116849      0.0000047      0.0000067      0.0000043
      3.8227880    782.9355362     18.4266548     20.0211232      0.0237325      0.0136398      0.0149360     -0.0001187      1.3119283      0.5012262      0.0831754      0.0059278     -0.0024374     -0.0976031     -0.0722220     33.8172584    247.8658787      0.0000032      0.0000070      0.0000033
      3.9417369    807.2971762     18.4265832     20.0211232      0.0241476      0.0131155      0.0153529     -0.0001191      1.3119377      0.5125274      0.0851149      0.0060595      0.0005747     -0.1043647     -0.0574906     25.1751149    230.5463455      0.0000490      0.0000067      0.0000847
