 ***********************************
   FLAT-PLATE BOUNDARY LAYER MACH 2 
 ***********************************
 Skin friction        =   3.189113759049216E-003
 Friction Mach number =   8.015181797633535E-002
 ***********************************
 Reynolds numbers:
 ***********************************
 Retau    =   251.850235526004     
 Redelta  =   13011.7949333293     
 Retheta  =   1121.75670367170     
 Redelta2 =   715.346866473262     
 ***********************************
 Shape factors:
 ***********************************
 dstar/delta99 =   0.265837716667336     
 theta/delta99 =   8.621075796378881E-002
 H             =    3.08357939248135     
 Hinc          =    1.51002697098228     
 ***********************************
 Wall-normal profiles:              
 ***********************************

      y/delta99          y+            u+             u_vd+         urms+          vrms+           wrms+          uv+      sqrt(rho/rho_w)     prms+          trms+         rhorms+     y+ du_vd+/dy+      S(u)            S(T)           F(u)           F(T)           omx+           omy+           omz+

      0.0000000      0.0000000      0.0000000      0.0000000      0.0000000      0.0000000      0.0000000      0.0000000      1.0000000      2.2719551      0.0000830      0.0204341      0.0000000      0.9407449     -0.7172913      4.3354564      0.0842663      0.2488215      0.0000000      0.3994869
      0.0023119      0.5822596      0.5826889      0.5827609      0.2320374      0.0059209      0.1410915     -0.0004474      1.0002472      2.2631334      0.2152794      0.0192463      0.6507910      0.9407449     -0.7172913      4.3354564      0.0842663      0.2289428      0.0200679      0.3970094
      0.0046251      1.1648294      1.1654760      1.1658819      0.4618546      0.0159434      0.2639618     -0.0025345      1.0008988      2.2650560      0.4605373      0.0182517      1.1462851      0.9607066     -1.0233988      4.3439176      7.3507995      0.1957902      0.0402009      0.3948700
      0.0069407      1.7480195      1.7477950      1.7490242      0.6895989      0.0307146      0.3695561     -0.0076145      1.0019286      2.2581529      0.7149889      0.0176495      1.7456392      0.9657398     -1.3015904      4.2966152      8.2369635      0.1697077      0.0603143      0.3931449
      0.0092600      2.3321405      2.3281663      2.3309256      0.9138873      0.0498188      0.4606686     -0.0171104      1.0033443      2.2633606      0.9971207      0.0178334      2.3159609      0.9509889     -1.5112215      4.1733547      8.6494265      0.1488396      0.0801532      0.3892887
      0.0115843      2.9175035      2.9042485      2.9094480      1.1319571      0.0717255      0.5393301     -0.0319352      1.0051276      2.2615247      1.3170931      0.0187936      2.8669549      0.9162867     -1.6347002      3.9813259      8.6645765      0.1338005      0.0993672      0.3821300
      0.0139147      3.5044204      3.4730327      3.4817603      1.3403497      0.0959943      0.6075972     -0.0526411      1.0072778      2.2704790      1.6758978      0.0207907      3.3872484      0.8643361     -1.6784508      3.7448761      8.3150438      0.1249239      0.1175899      0.3717001
      0.0162525      4.0932035      4.0311361      4.0446180      1.5356325      0.1215549      0.6669792     -0.0790024      1.0097599      2.2732714      2.0676169      0.0235997      3.8654834      0.7994954     -1.6618807      3.4925470      7.7440943      0.1218007      0.1345086      0.3589486
      0.0185990      4.6841666      4.5751176      4.5946696      1.7149053      0.1482857      0.7190427     -0.1105248      1.0125573      2.2855416      2.4826019      0.0272226      4.2918604      0.7263066     -1.6057323      3.2473829      7.0856738      0.1232537      0.1498973      0.3452601
      0.0209554      5.2776243      5.1017710      5.1287421      1.8761380      0.1754609      0.7648933     -0.1461260      1.0156169      2.2922134      2.9096789      0.0313243      4.6592449      0.6487434     -1.5267256      3.0240510      6.4309737      0.1277688      0.1636265      0.3319990
      0.0233230      5.8738927      5.6083461      5.6440623      2.0182223      0.2031432      0.8056696     -0.1848021      1.0189101      2.3071214      3.3380652      0.0358569      4.9637295      0.5698817     -1.4364191      2.8298568      5.8260130      0.1339749      0.1756534      0.3201945
      0.0257029      6.4732893      6.0926920      6.1384060      2.1409515      0.2308192      0.8421232     -0.2252409      1.0223737      2.3168345      3.7582229      0.0405343      5.2045947      0.4919467     -1.3422651      2.6669708      5.2890607      0.1408527      0.1860068      0.3103810
      0.0280966      7.0761335      6.5533081      6.6101577      2.2448239      0.2586339      0.8750346     -0.2664924      1.0259770      2.3336474      4.1625172      0.0453443      5.3839758      0.4164495     -1.2487800      2.5345073      4.8236074      0.1477462      0.1947667      0.3026219
      0.0305052      7.6827461      6.9893435      7.0583223      2.3308984      0.2861988      0.9048771     -0.3074529      1.0296568      2.3455976      4.5452020      0.0500686      5.5061625      0.3443495     -1.1585917      2.4299143      4.4257435      0.1542644      0.2020477      0.2966359
      0.0329301      8.2934503      7.4005238      7.4824643      2.4005617      0.3136805      0.9321580     -0.3475079      1.0333895      2.3636082      4.9024173      0.0547353      5.5769018      0.2762042     -1.0730862      2.3499688      4.0884898      0.1602140      0.2079825      0.2919753
      0.0353725      8.9085714      7.7870743      7.8826423      2.4554095      0.3407660      0.9571520     -0.3859099      1.0371185      2.3770453      5.2318432      0.0591806      5.6027564      0.2122759     -0.9929140      2.2912714      3.8040151      0.1655141      0.2127115      0.2881724
      0.0378337      9.5284368      8.1496091      8.2593070      2.4970769      0.3676141      0.9801779     -0.4224099      1.0408320      2.3955830      5.5324940      0.0634633      5.5904594      0.1526313     -0.9182647      2.2506076      3.5647462      0.1701625      0.2163728      0.2848245
      0.0403151     10.1533768      8.4890380      8.6132150      2.5271865      0.3939631      1.0013881     -0.4565762      1.0444829      2.4098071      5.8043422      0.0674595      5.5466038      0.0971938     -0.8490805      2.2250313      3.3638211      0.1741845      0.2190978      0.2816333
      0.0428180     10.7837242      8.8064729      8.9453399      2.5472495      0.4199539      1.0209868     -0.4884322      1.0480715      2.4282507      6.0481177      0.0712472      5.4772979      0.0458032     -0.7851460      2.2119667      3.1952751      0.1776308      0.2210073      0.2784032
      0.0453437     11.4198146      9.1031544      9.2568008      2.5586690      0.4453655      1.0390623     -0.5177590      1.0515599      2.4426277      6.2650132      0.0747294      5.3880392     -0.0017638     -0.7261685      2.2091671      3.0540197      0.1805500      0.2222107      0.2750281
      0.0478935     12.0619869      9.3803884      9.5488001      2.5626900      0.4703203      1.0557542     -0.5447413      1.0549586      2.4604301      6.4565530      0.0779933      5.2836853     -0.0457528     -0.6717977      2.2147406      2.9357302      0.1830004      0.2228048      0.2714697
      0.0504688     12.7105830      9.6395040      9.8225811      2.5604324      0.4946322      1.0711231     -0.5692840      1.0582372      2.4744136      6.6244140      0.0809594      5.1684335     -0.0864281     -0.6216649      2.2270787      2.8367409      0.1850280      0.2228751      0.2677354
      0.0530710     13.3659484      9.8818146     10.0793880      2.5528668      0.5184082      1.0852760     -0.5916526      1.0614140      2.4911232      6.7703748      0.0837170      5.0458085     -0.1240420     -0.5754008      2.2448490      2.7540036      0.1866797      0.2224961      0.2638521
      0.0557015     14.0284320     10.1085950     10.3204417      2.5408541      0.5414929      1.0982654     -0.6118170      1.0644639      2.5042668      6.8962228      0.0861990      4.9187504     -0.1588384     -0.5326635      2.2669236      2.6850015      0.1879888      0.2217322      0.2598541
      0.0583616     14.6983867     10.3210630     10.5469193      2.5251304      0.5639807      1.1101797     -0.6300680      1.0674108      2.5195293      7.0037392      0.0884929      4.7896324     -0.1910282     -0.4931417      2.2923750      2.6276421      0.1889919      0.2206392      0.2557694
      0.0610528     15.3761693     10.5203677     10.7599406      2.5063421      0.5857434      1.1210673     -0.6464000      1.0702332      2.5314769      7.0946355      0.0905412      4.6603260     -0.2207981     -0.4565571      2.3204354      2.5801990      0.1897173      0.2192650      0.2516231
      0.0637766     16.0621408     10.7075823     10.9605590      2.4850343      0.6068652      1.1310017     -0.6610939      1.0729582      2.5450228      7.1705469      0.0924267      4.5322582     -0.2483004     -0.4226557      2.3505004      2.5411926      0.1901974      0.2176507      0.2474390
      0.0665342     16.7566664     10.8837013     11.1497569      2.4616811      0.6272406      1.1400288     -0.6741483      1.0755665      2.5554995      7.2329955      0.0940991      4.4065245     -0.2736743     -0.3912088      2.3820881      2.5093836      0.1904539      0.2158318      0.2432439
      0.0693274     17.4601161     11.0496419     11.3284462      2.4366797      0.6469442      1.1482126     -0.6858193      1.0780868      2.5671333      7.2833973      0.0956347      4.2839628     -0.2970427     -0.3620068      2.4148152      2.4837100      0.1905092      0.2138393      0.2390589
      0.0721574     18.1728645     11.2062474     11.4974695      2.4103770      0.6658900      1.1555982     -0.6961031      1.0805007      2.5759350      7.3230410      0.0969885      4.1651519     -0.3185245     -0.3348567      2.4483496      2.4632719      0.1903768      0.2117004      0.2348960
      0.0750259     18.8952912     11.3542888     11.6576013      2.3830656      0.6841456      1.1622399     -0.7052268      1.0828376      2.5855303      7.3531009      0.0982296      4.0505125     -0.3382252     -0.3095810      2.4824028      2.4472922      0.1900814      0.2094386      0.2307641
      0.0779343     19.6277809     11.4944726     11.8095548      2.3550038      0.7016422      1.1681794     -0.7131837      1.0850794      2.5925267      7.3746315      0.0993170      3.9403914     -0.3562457     -0.2860202      2.5167102      2.4351248      0.1896498      0.2070740      0.2266758
      0.0808843     20.3707238     11.6274456     11.9539857      2.3264112      0.7184422      1.1734683     -0.7201724      1.0872555      2.6000277      7.3885902      0.1003127      3.8349561     -0.3726714     -0.2640344      2.5510189      2.4262639      0.1891047      0.2046241      0.2226346
      0.0838773     21.1245154     11.7537966     12.0914937      2.2974829      0.7344913      1.1781578     -0.7261842      1.0893480      2.6051586      7.3958396      0.1011798      3.7342898     -0.3875731     -0.2434950      2.5850785      2.4202830      0.1884521      0.2021041      0.2186402
      0.0869150     21.8895573     11.8740643     12.2226297      2.2683833      0.7498472      1.1823067     -0.7313910      1.0913859      2.6105716      7.3971731      0.1019732      3.6384599     -0.4010041     -0.2242789      2.6186594      2.4168061      0.1876936      0.1995274      0.2146940
      0.0899990     22.6662569     11.9887412     12.3478991      2.2392558      0.7644675      1.1859720     -0.7357801      1.0933513      2.6138387      7.3933133      0.1026598      3.5474701     -0.4130141     -0.2062658      2.6515684      2.4154623      0.1868242      0.1969058      0.2107976
      0.0931309     23.4550278     12.0982781     12.4677666      2.2102199      0.7784057      1.1892044     -0.7394961      1.0952724      2.6172267      7.3849176      0.1032876      3.4613232     -0.4236531     -0.1893462      2.6836517      2.4158844      0.1858438      0.1942497      0.2069547
      0.0963124     24.2562901     12.2030901     12.5826618      2.1813784      0.7916297      1.1920455     -0.7425206      1.0971310      2.6186940      7.3725571      0.1038263      3.3800716     -0.4329754     -0.1734225      2.7147706      2.4177117      0.1847589      0.1915688      0.2031740
      0.0995452     25.0704705     12.3035614     12.6929835      2.1528144      0.8041894      1.1945219     -0.7449721      1.0989542      2.6201783      7.3567230      0.1043176      3.3036981     -0.4410289     -0.1584104      2.7447565      2.4206319      0.1835865      0.1888720      0.1994596
      0.1028310     25.8980026     12.4000443     12.7990992      2.1245952      0.8160610      1.1966549     -0.7468288      1.1007236      2.6199602      7.3378332      0.1047336      3.2320861     -0.4478470     -0.1442356      2.7733934      2.4244117      0.1823435      0.1861677      0.1958142
      0.1061715     26.7393272     12.4928629     12.9013475      2.0967705      0.8272906      1.1984572     -0.7481924      1.1024651      2.6196893      7.3162610      0.1051112      3.1651063     -0.4534511     -0.1308382      2.8004456      2.4288962      0.1810428      0.1834635      0.1922439
      0.1095687     27.5948923     12.5823134     13.0000394      2.0693770      0.8378607      1.1999476     -0.7490485      1.1041601      2.6179164      7.2923362      0.1054259      3.1025505     -0.4578627     -0.1181741      2.8257231      2.4339986      0.1796858      0.1807668      0.1887503
      0.1130241     28.4651536     12.6686647     13.0954573      2.0424440      0.8478138      1.2011362     -0.7494939      1.1058336      2.6160432      7.2663547      0.1057104      3.0440266     -0.4611207     -0.1062107      2.8491301      2.4396884      0.1782706      0.1780850      0.1853243
      0.1165398     29.3505745     12.7521557     13.1878527      2.0160009      0.8571381      1.2020357     -0.7495244      1.1074670      2.6128442      7.2385734      0.1059427      2.9891631     -0.4632803     -0.0949151      2.8706418      2.4459542      0.1768005      0.1754248      0.1819611
      0.1201175     30.2516265     12.8330030     13.2774538      1.9900778      0.8658743      1.2026444     -0.7492266      1.1090844      2.6095075      7.2092293      0.1061515      2.9376825     -0.4644038     -0.0842482      2.8902359      2.4527539      0.1752854      0.1727916      0.1786644
      0.1237592     31.1687896     12.9114025     13.3644675      1.9647061      0.8740161      1.2029667     -0.7485916      1.1106675      2.6050066      7.1785469      0.1063173      2.8894645     -0.4645489     -0.0741583      2.9079188      2.4600070      0.1737331      0.1701892      0.1754449
      0.1274668     32.1025523     12.9875392     13.4490900      1.9399158      0.8816030      1.2030005     -0.7476840      1.1122398      2.6003602      7.1467654      0.1064660      2.8445624     -0.4637836     -0.0645927      2.9238196      2.4676162      0.1721466      0.1676198      0.1723063
      0.1312423     33.0534117     13.0615886     13.5315078      1.9157352      0.8886329      1.2027587     -0.7464836      1.1137834      2.5947098      7.1141247      0.1065811      2.8030869     -0.4621909     -0.0555163      2.9382045      2.4754666      0.1705230      0.1650863      0.1692334
      0.1350877     34.0218743     13.1337214     13.6119036      1.8921843      0.8951424      1.2022504     -0.7450365      1.1153211      2.5889194      7.0808384      0.1066862      2.7652650     -0.4598707     -0.0469251      2.9513148      2.4834709      0.1688675      0.1625923      0.1662201
      0.1390051     35.0084558     13.2041054     13.6904576      1.8692703      0.9011324      1.2014990     -0.7433208      1.1168354      2.5822695      7.0470479      0.1067664      2.7313356     -0.4569237     -0.0388292      2.9632378      2.4916005      0.1671821      0.1601427      0.1632876
      0.1429964     36.0136818     13.2729054     13.7673479      1.8469921      0.9066366      1.2005169     -0.7413792      1.1183481      2.5754837      7.0128240      0.1068407      2.7014619     -0.4534559     -0.0312266      2.9739731      2.4998737      0.1654662      0.1577406      0.1604702
      0.1470639     37.0380874     13.3402797     13.8427461      1.8253528      0.9116563      1.1993196     -0.7391993      1.1198420      2.5679448      6.9781886      0.1068935      2.6755257     -0.4495775     -0.0240876      2.9835489      2.5083008      0.1637218      0.1553873      0.1577747
      0.1512098     38.0822184     13.4063732     13.9168098      1.8043650      0.9162193      1.1979050     -0.7368235      1.1213385      2.5602510      6.9431822      0.1069404      2.6532095     -0.4453868     -0.0173584      2.9919862      2.5169130      0.1619620      0.1530829      0.1551679
      0.1554361     39.1466308     13.4713174     13.9896825      1.7840400      0.9203260      1.1962851     -0.7342365      1.1228204      2.5518921      6.9079131      0.1069684      2.6342885     -0.4409268     -0.0109831      2.9992649      2.5256560      0.1602090      0.1508292      0.1526155
      0.1597453     40.2318914     13.5352364     14.0614995      1.7643742      0.9239993      1.1944815     -0.7314620      1.1243083      2.5433682      6.8725633      0.1069937      2.6188288     -0.4362041     -0.0049621      3.0053373      2.5343428      0.1584692      0.1486289      0.1501118
      0.1641395     41.3385782     13.5982543     14.1323976      1.7453471      0.9272383      1.1925489     -0.7284707      1.1257854      2.5342446      6.8372932      0.1070067      2.6071890     -0.4312123      0.0006639      3.0101138      2.5428279      0.1567198      0.1464840      0.1476612
      0.1686212     42.4672806     13.6605001     14.2025193      1.7269229      0.9300627      1.1905322     -0.7252771      1.1272716      2.5249276      6.8021947      0.1070214      2.5997198     -0.4259494      0.0058831      3.0134747      2.5510265      0.1549414      0.1443948      0.1452694
      0.1731926     43.6185997     13.7221031     14.2720082      1.7090606      0.9324732      1.1884605     -0.7218636      1.1287504      2.5150598      6.7672829      0.1070272      2.5964332     -0.4204267      0.0107119      3.0153996      2.5588855      0.1531446      0.1423593      0.1429566
      0.1778563     44.7931487     13.7831836     14.3409983      1.6917314      0.9344877      1.1863230     -0.7182628      1.1302410      2.5049656      6.7324933      0.1070344      2.5969426     -0.4146727      0.0151608      3.0159573      2.5664406      0.1513473      0.1403741      0.1407376
      0.1826147     45.9915531     13.8438465     14.4096070      1.6749267      0.9361083      1.1841011     -0.7144776      1.1317268      2.4943593      6.6977174      0.1070317      2.6006647     -0.4087208      0.0192397      3.0152322      2.5737840      0.1495440      0.1384372      0.1385779
      0.1874703     47.2144511     13.9041809     14.4779343      1.6586330      0.9373558      1.1817558     -0.7105449      1.1332262      2.4835401      6.6628814      0.1070280      2.6072366     -0.4025896      0.0229640      3.0133399      2.5810629      0.1477245      0.1365505      0.1364452
      0.1924258     48.4624941     13.9642679     14.5460715      1.6428081      0.9382424      1.1792445     -0.7064673      1.1347231      2.4723362      6.6279535      0.1070140      2.6163635     -0.3962784      0.0263811      3.0106069      2.5884654      0.1458998      0.1347175      0.1343639
      0.1974838     49.7363466     14.0241768     14.6140968      1.6273963      0.9387983      1.1765081     -0.7022768      1.1362349      2.4610256      6.5929695      0.1069990      2.6276212     -0.3898513      0.0296109      3.0075602      2.5961197      0.1441058      0.1329379      0.1323688
      0.2026470     51.0366871     14.0839662     14.6820767      1.6123580      0.9390435      1.1735110     -0.6979672      1.1377452      2.4494999      6.5580337      0.1069772      2.6406267     -0.3834753      0.0327929      3.0048018      2.6039467      0.1423835      0.1312060      0.1304820
      0.2079180     52.3642081     14.1436874     14.7500698      1.5976877      0.9390040      1.1702555     -0.6935467      1.1392702      2.4379617      6.5232271      0.1069592      2.6554410     -0.3773975      0.0359879      3.0028457      2.6118377      0.1407205      0.1295170      0.1287053
      0.2132998     53.7196166     14.2034000     14.8181441      1.5834103      0.9386904      1.1667940     -0.6889923      1.1407940      2.4263021      6.4885132      0.1069390      2.6727244     -0.3718176      0.0391952      3.0018516      2.6196271      0.1390661      0.1278701      0.1270221
      0.2187952     55.1036344     14.2631790     14.8863856      1.5695530      0.9381161      1.1631647     -0.6843099      1.1423341      2.4146465      6.4538252      0.1069239      2.6933781     -0.3667987      0.0423686      3.0016409      2.6270797      0.1374069      0.1262650      0.1254218
      0.2244072     56.5169987     14.3231142     14.9548979      1.5561311      0.9372829      1.1593796     -0.6794944      1.1438771      2.4029072      6.4191247      0.1069083      2.7176849     -0.3622725      0.0454862      3.0017964      2.6342161      0.1357659      0.1246987      0.1238826
      0.2301386     57.9604622     14.3832858     15.0237739      1.5431428      0.9361953      1.1554242     -0.6745816      1.1454413      2.3911598      6.3844731      0.1068998      2.7447866     -0.3580871      0.0486391      3.0017261      2.6412123      0.1341535      0.1231671      0.1223638
      0.2359926     59.4347935     14.4437488     15.0930782      1.5305657      0.9348518      1.1512949     -0.6695850      1.1470133      2.3793525      6.3500064      0.1068949      2.7735723     -0.3540999      0.0519344      3.0009630      2.6480908      0.1325544      0.1216664      0.1208295
      0.2419723     60.9407779     14.5045375     15.1628521      1.5183594      0.9332614      1.1469832     -0.6645300      1.1486098      2.3675459      6.3158213      0.1069006      2.8034782     -0.3502174      0.0553867      2.9992032      2.6547299      0.1309864      0.1201923      0.1192705
      0.2480808     62.4792174     14.5656802     15.2331305      1.5064817      0.9314340      1.1425203     -0.6594194      1.1502176      2.3557596      6.2819523      0.1069124      2.8344321     -0.3464087      0.0589145      2.9964563      2.6611082      0.1294550      0.1187445      0.1176717
      0.2543215     64.0509313     14.6272098     15.3039532      1.4948696      0.9293833      1.1379678     -0.6542632      1.1518537      2.3440363      6.2484099      0.1069353      2.8673212     -0.3426448      0.0624624      2.9931243      2.6671681      0.1279448      0.1173267      0.1160595
      0.2606976     65.6567567     14.6891882     15.3753944      1.4834234      0.9271190      1.1333761     -0.6490268      1.1535052      2.3323945      6.2152792      0.1069670      2.9035981     -0.3389548      0.0660810      2.9898373      2.6728147      0.1264425      0.1159407      0.1145475
      0.2672126     67.2975488     14.7516988     15.4475533      1.4720589      0.9246445      1.1287422     -0.6436813      1.1551870      2.3207873      6.1826433      0.1070153      2.9438619     -0.3355005      0.0697861      2.9867729      2.6779781      0.1249288      0.1145813      0.1131776
      0.2738698     68.9741815     14.8148235     15.5205277      1.4607412      0.9219567      1.1240332     -0.6381872      1.1568847      2.3092057      6.1503534      0.1070766      2.9874140     -0.3323551      0.0734899      2.9831631      2.6825903      0.1233943      0.1132405      0.1118875
      0.2806729     70.6875475     14.8786161     15.5943836      1.4494569      0.9190508      1.1191926     -0.6325443      1.1586125      2.2975736      6.1181915      0.1071513      3.0326813     -0.3294683      0.0770517      2.9785416      2.6868296      0.1218327      0.1119130      0.1105828
      0.2876255     72.4385595     14.9430916     15.6691418      1.4381773      0.9159264      1.1141623     -0.6267640      1.1603570      2.2859023      6.0860955      0.1072331      3.0773561     -0.3268401      0.0805009      2.9736952      2.6911513      0.1202784      0.1105961      0.1092383
      0.2947313     74.2281500     15.0082117     15.7447622      1.4268764      0.9125870      1.1089264     -0.6208613      1.1621312      2.2740931      6.0542129      0.1073255      3.1193247     -0.3247621      0.0840222      2.9699485      2.6954035      0.1187537      0.1092859      0.1078994
      0.3019940     76.0572719     15.0739076     15.8211682      1.4155716      0.9090363      1.1035260     -0.6148220      1.1639185      2.2621835      6.0227669      0.1074277      3.1573526     -0.3236440      0.0877516      2.9674206      2.6991164      0.1172290      0.1079819      0.1065408
      0.3094176     77.9268996     15.1400949     15.8982647      1.4043135      0.9052724      1.0979714     -0.6086541      1.1657295      2.2500834      5.9918552      0.1075432      3.1915603     -0.3236652      0.0917266      2.9658105      2.7020864      0.1157112      0.1066890      0.1051161
      0.3170060     79.8380286     15.2067208     15.9759931      1.3931421      0.9012999      1.0922249     -0.6023588      1.1675494      2.2378359      5.9612663      0.1076664      3.2248565     -0.3250322      0.0958873      2.9657633      2.7042862      0.1142461      0.1054082      0.1036377
      0.3247632     81.7916769     15.2738151     16.0543909      1.3820556      0.8971239      1.0862190     -0.5959303      1.1693929      2.2253055      5.9307099      0.1077967      3.2619521     -0.3279452      0.1001305      2.9677479      2.7057145      0.1128198      0.1041362      0.1021934
      0.3326933     83.7888847     15.3414850     16.1335865      1.3710586      0.8927604      1.0798731     -0.5893612      1.1712499      2.2125412      5.8998992      0.1079300      3.3041916     -0.3319384      0.1043246      2.9709300      2.7064828      0.1114300      0.1028729      0.1008179
      0.3408006     85.8307158     15.4098072     16.2136733      1.3601634      0.8882206      1.0731323     -0.5826927      1.1731380      2.1994388      5.8688314      0.1080672      3.3485000     -0.3361766      0.1088071      2.9743913      2.7064861      0.1101233      0.1016141      0.0994502
      0.3490894     87.9182576     15.4787979     16.2946748      1.3493162      0.8835093      1.0660666     -0.5759416      1.1750483      2.1861627      5.8378717      0.1082113      3.3930833     -0.3403409      0.1138024      2.9773207      2.7049938      0.1088274      0.1003585      0.0980540
      0.3575642     90.0526219     15.5484746     16.3766162      1.3383656      0.8786088      1.0587399     -0.5690610      1.1769957      2.1726790      5.8069440      0.1083662      3.4399045     -0.3444572      0.1190323      2.9794587      2.7024962      0.1075141      0.0991118      0.0967452
      0.3662293     92.2349453     15.6188967     16.4595720      1.3271988      0.8735023      1.0511634     -0.5619936      1.1789675      2.1590983      5.7757858      0.1085245      3.4890703     -0.3487587      0.1245178      2.9807626      2.7002807      0.1062087      0.0978714      0.0955150
      0.3750895     94.4663901     15.6900731     16.5435582      1.3158421      0.8681716      1.0433432     -0.5547133      1.1809757      2.1451979      5.7446790      0.1086886      3.5371382     -0.3537514      0.1305977      2.9811754      2.6988067      0.1049191      0.0966322      0.0942972
      0.3841495     96.7481447     15.7619451     16.6285103      1.3044095      0.8626170      1.0353289     -0.5472183      1.1830058      2.1310206      5.7139458      0.1088639      3.5805711     -0.3597249      0.1372443      2.9811401      2.6981188      0.1036663      0.0953877      0.0930781
      0.3934141     99.0814242     15.8343900     16.7142878      1.2930744      0.8568264      1.0272114     -0.5395783      1.1850713      2.1163144      5.6831024      0.1090459      3.6171688     -0.3663297      0.1441782      2.9813497      2.6977238      0.1023937      0.0941365      0.0917618
      0.4028881    101.4674714     15.9072657     16.8007269      1.2819358      0.8508002      1.0189710     -0.5318348      1.1871627      2.1011926      5.6514374      0.1092204      3.6465173     -0.3732284      0.1511873      2.9831104      2.6967121      0.1010397      0.0928829      0.0902980
      0.4125768    103.9075568     15.9804487     16.8876851      1.2709285      0.8445458      1.0103855     -0.5239706      1.1892965      2.0855529      5.6190188      0.1093879      3.6721094     -0.3805397      0.1584847      2.9874508      2.6950120      0.0997068      0.0916205      0.0887343
      0.4224851    106.4029802     16.0539366     16.9751635      1.2598757      0.8381057      1.0013958     -0.5159486      1.1914605      2.0698406      5.5865505      0.1095597      3.7013680     -0.3885129      0.1665646      2.9936401      2.6934610      0.0984023      0.0903455      0.0872603
      0.4326185    108.9550703     16.1278526     17.0633130      1.2486610      0.8314953      0.9921548     -0.5077040      1.1936647      2.0539938      5.5545537      0.1097475      3.7380201     -0.3976384      0.1752366      3.0018236      2.6921663      0.0969923      0.0890623      0.0859747
      0.4429823    111.5651864     16.2023143     17.1522782      1.2372546      0.8247021      0.9826687     -0.4991491      1.1958916      2.0383315      5.5228619      0.1099472      3.7778046     -0.4078916      0.1843100      3.0116899      2.6911480      0.0955288      0.0877673      0.0846758
      0.4535819    114.2347186     16.2773186     17.2420598      1.2255059      0.8176968      0.9728915     -0.4902170      1.1981488      2.0225999      5.4912875      0.1101558      3.8154923     -0.4186245      0.1937627      3.0227880      2.6898258      0.0940486      0.0864600      0.0833352
      0.4644232    116.9650885     16.3528129     17.3325988      1.2133335      0.8104887      0.9628581     -0.4809877      1.2004165      2.0069302      5.4594648      0.1103697      3.8500439     -0.4301493      0.2034011      3.0371293      2.6874263      0.0925324      0.0851466      0.0819601
      0.4755118    119.7577503     16.4287828     17.4238813      1.2006572      0.8030914      0.9525687     -0.4715417      1.2027046      1.9908166      5.4269042      0.1105763      3.8895580     -0.4422371      0.2134403      3.0528046      2.6845370      0.0910969      0.0838159      0.0806206
      0.4868536    122.6141912     16.5054244     17.5161466      1.1873123      0.7954919      0.9420548     -0.4617860      1.2050056      1.9741871      5.3928203      0.1107545      3.9406156     -0.4538900      0.2245271      3.0648986      2.6833141      0.0897638      0.0824607      0.0794233
      0.4984547    125.5359326     16.5828962     17.6095912      1.1733871      0.7875948      0.9311830     -0.4516443      1.2073439      1.9564436      5.3568581      0.1108969      3.9947935     -0.4654614      0.2368313      3.0756186      2.6850760      0.0884243      0.0810894      0.0783338
      0.5103213    128.5245303     16.6611483     17.7041613      1.1592067      0.7792770      0.9196396     -0.4410594      1.2097181      1.9377139      5.3193589      0.1110098      4.0427657     -0.4784396      0.2500404      3.0886416      2.6880089      0.0870919      0.0796973      0.0772132
      0.5224596    131.5815761     16.7400582     17.7997160      1.1450090      0.7704154      0.9073486     -0.4299619      1.2121495      1.9176958      5.2802950      0.1110984      4.0874285     -0.4935688      0.2631742      3.1064230      2.6890797      0.0856575      0.0782802      0.0758840
      0.5348762    134.7086981     16.8196559     17.8962990      1.1306734      0.7610032      0.8943196     -0.4184445      1.2146318      1.8969481      5.2391680      0.1111534      4.1385249     -0.5096178      0.2767047      3.1257138      2.6905723      0.0840505      0.0768461      0.0744214
      0.5475777    137.9075616     16.9001224     17.9941386      1.1156957      0.7511196      0.8804986     -0.4065439      1.2171755      1.8753303      5.1971546      0.1111869      4.2014990     -0.5252209      0.2914847      3.1432548      2.6931702      0.0824013      0.0754005      0.0730397
      0.5605707    141.1798702     16.9816556     18.0934841      1.0996860      0.7408238      0.8660229     -0.3942567      1.2197587      1.8530331      5.1550347      0.1112145      4.2710071     -0.5413301      0.3068617      3.1597142      2.6954751      0.0807746      0.0739362      0.0717071
      0.5738623    144.5273667     17.0642803     18.1943752      1.0826953      0.7301039      0.8512380     -0.3817032      1.2223927      1.8295235      5.1131718      0.1112435      4.3390883     -0.5595850      0.3224872      3.1775366      2.6964325      0.0790453      0.0724292      0.0702292
      0.5874596    147.9518339     17.1479579     18.2967737      1.0645947      0.7189835      0.8363864     -0.3688579      1.2250639      1.8054200      5.0726459      0.1112905      4.4063825     -0.5797545      0.3395508      3.2004734      2.6973217      0.0771286      0.0708841      0.0687228
      0.6013697    151.4550955     17.2327197     18.4007278      1.0450528      0.7075033      0.8212420     -0.3554838      1.2277870      1.7809049      5.0322983      0.1113331      4.4796728     -0.6016350      0.3587864      3.2313353      2.6999049      0.0751787      0.0693013      0.0674054
      0.6156000    155.0390173     17.3186799     18.5063878      1.0241613      0.6956441      0.8055469     -0.3415096      1.2305622      1.7563333      4.9895425      0.1113267      4.5543026     -0.6252920      0.3801258      3.2686862      2.7043963      0.0732845      0.0676620      0.0660458
      0.6301583    158.7055078     17.4057171     18.6136167      1.0022355      0.6833114      0.7892704     -0.3270449      1.2334156      1.7306639      4.9443672      0.1112637      4.6192969     -0.6516812      0.4043315      3.3162115      2.7114427      0.0713573      0.0659542      0.0645520
      0.6450521    162.4565200     17.4935764     18.7221121      0.9796849      0.6704767      0.7720775     -0.3121751      1.2363356      1.7038253      4.8954634      0.1111226      4.6649642     -0.6802121      0.4296938      3.3685046      2.7181615      0.0694492      0.0641814      0.0628834
      0.6602894    166.2940515     17.5818031     18.8313220      0.9565941      0.6571490      0.7536587     -0.2970363      1.2393308      1.6752953      4.8444142      0.1109128      4.6871229     -0.7093767      0.4574571      3.4191385      2.7285254      0.0674811      0.0623577      0.0611509
      0.6758784    170.2201465     17.6700238     18.9407909      0.9329168      0.6433376      0.7342506     -0.2817062      1.2423739      1.6453405      4.7926221      0.1106528      4.6932421     -0.7427833      0.4883887      3.4826334      2.7435796      0.0652917      0.0604849      0.0594365
      0.6918274    174.2368973     17.7579966     19.0502221      0.9087277      0.6290788      0.7137475     -0.2662564      1.2454673      1.6133962      4.7382588      0.1103015      4.6891292     -0.7811444      0.5222130      3.5627222      2.7629279      0.0630590      0.0585634      0.0577288
      0.7081448    178.3464467     17.8455611     19.1594176      0.8838671      0.6143317      0.6918991     -0.2506842      1.2485951      1.5796308      4.6794699      0.1098182      4.6782134     -0.8239538      0.5588276      3.6574083      2.7867106      0.0608026      0.0566010      0.0560355
      0.7248395    182.5509922     17.9325663     19.2681904      0.8578391      0.5990695      0.6687927     -0.2350121      1.2517797      1.5435933      4.6150878      0.1091781      4.6547570     -0.8707933      0.5982755      3.7667277      2.8144126      0.0585272      0.0545824      0.0543205
      0.7419203    186.8527947     18.0186454     19.3760814      0.8304480      0.5832899      0.6445686     -0.2192582      1.2550050      1.5057236      4.5463511      0.1083997      4.6030273     -0.9200538      0.6421000      3.8829421      2.8508736      0.0562296      0.0525011      0.0524765
      0.7593965    191.2541941     18.1032486     19.4823973      0.8018561      0.5670642      0.6195311     -0.2035618      1.2582773      1.4661916      4.4719982      0.1074519      4.5287834     -0.9726515      0.6905068      4.0165024      2.8998202      0.0538851      0.0503834      0.0505926
      0.7772780    195.7576383     18.1861591     19.5868580      0.7720511      0.5503942      0.5939182     -0.1880376      1.2615682      1.4255851      4.3919420      0.1063124      4.4462805     -1.0324022      0.7449568      4.1813436      2.9660492      0.0513730      0.0482346      0.0487680
      0.7955749    200.3657341     18.2672257     19.6892635      0.7409759      0.5331939      0.5672957     -0.1725928      1.2648832      1.3833677      4.3055811      0.1049594      4.3547030     -1.1006396      0.8055699      4.3795873      3.0471086      0.0487795      0.0460080      0.0469599
      0.8142987    205.0813291     18.3462645     19.7893705      0.7088621      0.5153035      0.5395130     -0.1572812      1.2682285      1.3396244      4.2108591      0.1033340      4.2492783     -1.1796604      0.8748378      4.6348577      3.1519621      0.0460842      0.0436722      0.0450327
      0.8334621    209.9076355     18.4229542     19.8867604      0.6758105      0.4967911      0.5105078     -0.1421488      1.2716134      1.2939885      4.1076011      0.1014278      4.1189454     -1.2703398      0.9537941      4.9644275      3.2862761      0.0434541      0.0412540      0.0429823
      0.8530800    214.8484004     18.4968110     19.9808024      0.6415907      0.4776498      0.4812255     -0.1274041      1.2749927      1.2470232      3.9958538      0.0992334      3.9613805     -1.3711876      1.0439798      5.3734197      3.4628728      0.0407522      0.0388200      0.0408395
      0.8731702    219.9081191     18.5675075     20.0710587      0.6053025      0.4578289      0.4522491     -0.1131867      1.2783527      1.1985332      3.8734469      0.0967012      3.7951181     -1.4816615      1.1461738      5.8742518      3.6913788      0.0379304      0.0363729      0.0388192
      0.8937545    225.0922723     18.6350048     20.1574556      0.5665604      0.4374122      0.4236390     -0.0993546      1.2816561      1.1494756      3.7393973      0.0938129      3.6145714     -1.6051344      1.2622430      6.5063204      3.9847824      0.0350727      0.0339009      0.0368667
      0.9148594    230.4075531     18.6988352     20.2393679      0.5261642      0.4165222      0.3950701     -0.0860018      1.2849040      1.0999104      3.5922719      0.0905321      3.3990718     -1.7409778      1.3959315      7.3080625      4.3684330      0.0323985      0.0313945      0.0348951
      0.9365170    235.8620354     18.7583883     20.3159824      0.4849137      0.3951050      0.3668319     -0.0733910      1.2880782      1.0504425      3.4283902      0.0867811      3.1422085     -1.8843801      1.5498264      8.2825602      4.8659523      0.0297206      0.0288774      0.0328641
      0.9587652    241.4652376     18.8129424     20.3863366      0.4429650      0.3731271      0.3384341     -0.0615734      1.2911665      1.0002301      3.2487263      0.0825526      2.8454416     -2.0271214      1.7329594      9.4398461      5.5458732      0.0270385      0.0263512      0.0307350
      0.9816471    247.2280442     18.8619677     20.4497086      0.4006762      0.3507533      0.3099312     -0.0506398      1.2941115      0.9508481      3.0525994      0.0778587      2.5274297     -2.1619101      1.9442186     10.7922275      6.4271067      0.0244401      0.0238408      0.0284928
      1.0052104    253.1624816     18.9052463     20.5057758      0.3591015      0.3281203      0.2816402     -0.0408160      1.2968752      0.9015155      2.8446684      0.0727985      2.1977444     -2.2991410      2.1915865     12.5302890      7.5954113      0.0219168      0.0213521      0.0261411
      1.0295062    259.2813751     18.9425673     20.5542239      0.3193160      0.3051919      0.2542535     -0.0322137      1.2994173      0.8524039      2.6262373      0.0674119      1.8591161     -2.4256896      2.4830955     14.6723003      9.1577029      0.0194281      0.0189149      0.0236848
      1.0545868    265.5979460     18.9738819     20.5949509      0.2820166      0.2821953      0.2282854     -0.0248807      1.3017364      0.8034458      2.3954807      0.0616789      1.5292827     -2.5051509      2.8301507     17.0224805     11.3019555      0.0170931      0.0165934      0.0212541
      1.0805049    272.1254229     18.9994758     20.6282938      0.2482778      0.2592061      0.2032307     -0.0187760      1.3037901      0.7566363      2.1593318      0.0557555      1.2210835     -2.5064641      3.2444977     19.4299436     14.2292506      0.0147966      0.0143986      0.0188034
      1.1073118    278.8767338     19.0197457     20.6547394      0.2183902      0.2365571      0.1783517     -0.0138887      1.3055707      0.7118072      1.9250886      0.0498227      0.9446791     -2.4297036      3.7368953     21.8361586     18.2061959      0.0128295      0.0123340      0.0164108
      1.1350568    285.8643203     19.0353452     20.6751175      0.1920071      0.2143940      0.1549114     -0.0100683      1.3070756      0.6705957      1.6935498      0.0439155      0.7094348     -2.2662475      4.3454827     23.9981466     24.0320821      0.0109464      0.0103976      0.0141012
      1.1637872    293.1000852     19.0469589     20.6903047      0.1684187      0.1929744      0.1334362     -0.0070580      1.3083301      0.6323706      1.4701296      0.0381767      0.5113031     -1.9694935      5.1035033     24.9562873     32.4694196      0.0092079      0.0086089      0.0118728
      1.1935484    300.5954517     19.0552232     20.7011213      0.1475462      0.1726697      0.1144168     -0.0047887      1.3093348      0.5990320      1.2581167      0.0327362      0.3536004     -1.5499011      6.0428919     24.1679467     44.8822162      0.0075475      0.0070334      0.0097523
      1.2243844    308.3614973     19.0609493     20.7086209      0.1289005      0.1538982      0.0977883     -0.0031334      1.3101306      0.5696151      1.0577297      0.0276321      0.2426729     -1.0013500      7.2558103     20.8876009     64.4430792      0.0061268      0.0056157      0.0080695
      1.2563384    316.4091198     19.0649019     20.7138005      0.1127007      0.1366784      0.0836503     -0.0018948      1.3107367      0.5441101      0.8720262      0.0229318      0.1612644     -0.3578458      8.8742445     15.7275362     96.7332414      0.0048736      0.0043001      0.0065536
      1.2894536    324.7492020     19.0674223     20.7171047      0.0995645      0.1209435      0.0715490     -0.0010496      1.3111995      0.5212822      0.6993641      0.0186058      0.0962445      0.1737361     10.9981591     11.2059347    149.3552854      0.0037372      0.0031639      0.0050232
      1.3237738    333.3927525     19.0688777     20.7190132      0.0894257      0.1069305      0.0605275     -0.0005718      1.3115283      0.5025350      0.5472726      0.0148378      0.0533963      0.4337784     13.8900823      9.7796240    240.1078487      0.0028785      0.0023099      0.0036592
      1.3593436    342.3510158     19.0696875     20.7200755      0.0807966      0.0946735      0.0513317     -0.0003079      1.3117613      0.4865328      0.4160151      0.0116692      0.0286694      0.5473475     17.8216947      9.4578632    402.1058637      0.0020933      0.0016360      0.0026832
      1.3962089    351.6355521     19.0700941     20.7206089      0.0731826      0.0840698      0.0440903     -0.0001784      1.3119090      0.4735761      0.3051438      0.0091180      0.0117022      0.6451467     22.9760234      8.0958348    690.6867549      0.0014920      0.0010950      0.0018063
      1.4344171    361.2582925     19.0702142     20.7207664      0.0662375      0.0750889      0.0381979     -0.0001212      1.3120069      0.4622657      0.2177851      0.0072698      0.0019679      0.6044831     28.0481708      6.0488713   1071.3702276      0.0010343      0.0006901      0.0011289
      1.4740172    371.2315780     19.0702182     20.7207717      0.0602662      0.0675831      0.0333611     -0.0000922      1.3120619      0.4531959      0.1455637      0.0059632     -0.0013097      0.4637829     28.8444014      4.2421090   1384.0116348      0.0006307      0.0004002      0.0006877
      1.5150599    381.5681874     19.0701747     20.7207146      0.0552310      0.0612547      0.0294425     -0.0000790      1.3121007      0.4451106      0.1019547      0.0052650     -0.0024288      0.3773678     21.4677466      3.0902466   1240.2958733      0.0003301      0.0002448      0.0003992
      1.5575977    392.2813599     19.0701179     20.7206401      0.0509218      0.0558390      0.0261442     -0.0000729      1.3121172      0.4386534      0.0860865      0.0050036     -0.0032861      0.3084028     13.9594904      3.3743646    930.5190320      0.0002443      0.0001407      0.0002765
      1.6016853    403.3848150     19.0700390     20.7205366      0.0470929      0.0511132      0.0233624     -0.0000698      1.3121360      0.4329100      0.0766376      0.0048414     -0.0035799      0.2545789      4.7843781      3.1434147    360.5013040      0.0001318      0.0000481      0.0001288
      1.6473789    414.8927714     19.0699681     20.7204435      0.0437607      0.0469817      0.0209741     -0.0000651      1.3121459      0.4284024      0.0716107      0.0047440     -0.0034281      0.2091100      0.3646192      2.1309558    165.4570446      0.0000316      0.0000128      0.0000366
      1.6947372    426.8199651     19.0698912     20.7203426      0.0407624      0.0433520      0.0189103     -0.0000614      1.3121610      0.4244582      0.0704296      0.0046934     -0.0033348      0.1707919      0.0142039      1.7763557    155.5174670      0.0000053      0.0000065      0.0000106
      1.7438208    439.1816691     19.0698239     20.7202543      0.0381613      0.0401481      0.0171296     -0.0000573      1.3121670      0.4212236      0.0698872      0.0046575     -0.0031659      0.1354686      0.0210593      1.4627472    168.9913520      0.0000031      0.0000064      0.0000051
      1.7946924    451.9937127     19.0697531     20.7201614      0.0357983      0.0373093      0.0156048     -0.0000546      1.3121792      0.4185136      0.0694397      0.0046273     -0.0029852      0.1050952      0.0243558     -0.5008498    184.1435401      0.0000032      0.0000065      0.0000049
      1.8474174    465.2725017     19.0696932     20.7200828      0.0337597      0.0347994      0.0142937     -0.0000512      1.3121830      0.4161514      0.0690450      0.0046012     -0.0027194      0.0729717      0.0282337      2.7876552    182.7630753      0.0000033      0.0000066      0.0000049
      1.9020631    479.0350390     19.0696318     20.7200022      0.0318999      0.0325759      0.0131975     -0.0000490      1.3121930      0.4143504      0.0687468      0.0045812     -0.0026018      0.0433192      0.0349115      4.1604534    184.2816698      0.0000035      0.0000067      0.0000049
      1.9586996    493.2989451     19.0695774     20.7199309      0.0303163      0.0306137      0.0122692     -0.0000466      1.3121951      0.4126539      0.0684632      0.0045625     -0.0024294      0.0193967      0.0286876      0.2130755    206.2449467      0.0000036      0.0000067      0.0000050
      2.0173993    508.0824777     19.0695207     20.7198564      0.0288724      0.0288778      0.0115331     -0.0000452      1.3122035      0.4117419      0.0683124      0.0045523     -0.0025780     -0.0060622      0.0305390      2.2101806    209.0031640      0.0000037      0.0000068      0.0000050
      2.0782373    523.4045452     19.0694627     20.7197803      0.0276623      0.0273581      0.0109282     -0.0000435      1.3122050      0.4105561      0.0681137      0.0045392     -0.0024579     -0.0262997      0.0302980      4.0553173    196.6359167      0.0000039      0.0000069      0.0000050
      2.1412913    539.2847072     19.0694076     20.7197080      0.0265554      0.0260286      0.0104942     -0.0000428      1.3122126      0.4104620      0.0680991      0.0045382     -0.0025792     -0.0383808      0.0234513     -2.8973003    191.4000934      0.0000040      0.0000070      0.0000050
      2.2066413    555.7431426     19.0693467     20.7196281      0.0256468      0.0248966      0.0101598     -0.0000418      1.3122143      0.4100543      0.0680304      0.0045337     -0.0024088     -0.0545409      0.0201799     18.0301742    174.5157367      0.0000041      0.0000070      0.0000051
      2.2743697    572.8005473     19.0692951     20.7195604      0.0248129      0.0239137      0.0099707     -0.0000412      1.3122216      0.4112111      0.0682252      0.0045464     -0.0025165     -0.0552892      0.0092759      8.3311937    186.2768873      0.0000042      0.0000070      0.0000051
      2.3445596    590.4778951     19.0692306     20.7194757      0.0241765      0.0231334      0.0098608     -0.0000412      1.3122238      0.4131587      0.0685459      0.0045681     -0.0025895     -0.0453799     -0.0056318      5.9179207    193.2316765      0.0000042      0.0000071      0.0000051
      2.4172935    608.7959481     19.0691743     20.7194019      0.0236013      0.0224221      0.0098773     -0.0000405      1.3122303      0.4165348      0.0691096      0.0046053     -0.0027324     -0.0474006     -0.0215875     16.3345871    179.3432008      0.0000043      0.0000070      0.0000051
      2.4926495    627.7743524     19.0691019     20.7193068      0.0232603      0.0218778      0.0099641     -0.0000414      1.3122301      0.4213383      0.0699013      0.0046587     -0.0030134     -0.0369121     -0.0535132     13.8474180    212.1351400      0.0000043      0.0000071      0.0000050
      2.5706949    647.4301082     19.0690309     20.7192137      0.0229664      0.0212716      0.0101471     -0.0000394      1.3122361      0.4264070      0.0707500      0.0047146     -0.0035734     -0.0367236     -0.0657901     29.6771618    197.8473853      0.0000043      0.0000070      0.0000050
      2.6514774    667.7751972     19.0689342     20.7190868      0.0229711      0.0208145      0.0104138     -0.0000406      1.3122363      0.4351850      0.0721952      0.0048120     -0.0040971     -0.0146393     -0.0761553     -4.6625597    184.7685103      0.0000042      0.0000070      0.0000049
      2.7350112    688.8132219     19.0688421     20.7189660      0.0229859      0.0201520      0.0107409     -0.0000374      1.3122439      0.4439448      0.0736618      0.0049085     -0.0039380     -0.0255135     -0.0820536     16.2241811    176.1497641      0.0000041      0.0000070      0.0000047
      2.8212604    710.5350995     19.0687408     20.7188330      0.0233436      0.0196624      0.0111912     -0.0000402      1.3122468      0.4594855      0.0762212      0.0050808     -0.0046433     -0.0232447     -0.0918139     13.2849226    181.9503364      0.0000040      0.0000070      0.0000048
      2.9101190    732.9141627     19.0686142     20.7186669      0.0236123      0.0187886      0.0116398     -0.0000355      1.3122531      0.4721437      0.0783467      0.0052200     -0.0067290     -0.0282038     -0.0896479      3.9902780    164.1517316      0.0000033      0.0000074      0.0000043
      3.0013924    755.9013942     19.0684639     20.7184697      0.0240452      0.0181626      0.0121078     -0.0000368      1.3122541      0.4885872      0.0810505      0.0054025     -0.0033047     -0.0371406     -0.0849983     12.9615364    155.8828211      0.0000030      0.0000077      0.0000041
      3.0947831    779.4218462     19.0683597     20.7184697      0.0241691      0.0176750      0.0123470     -0.0000351      1.3122595      0.4947715      0.0821340      0.0054693      0.0007720     -0.0349032     -0.0861244     -1.2416219    162.5068001      0.0000391      0.0000078      0.0000744
