 ***********************************
   FLAT-PLATE BOUNDARY LAYER MACH 2 
 ***********************************
 Skin friction        =   2.006164903830794E-003
 Friction Mach number =   9.507197652546089E-002
 ***********************************
 Reynolds numbers:
 ***********************************
 Retau    =   402.512430457859     
 Redelta  =   49221.3950369963     
 Retheta  =   3311.42464480604     
 Redelta2 =   1384.49003515550     
 ***********************************
 Shape factors:
 ***********************************
 dstar/delta99 =   0.321497167146356     
 theta/delta99 =   6.727612336702496E-002
 H             =    4.77877069985778     
 Hinc          =    1.42731738194413     
 ***********************************
 Wall-normal profiles:              
 ***********************************

      y/delta99          y+            u+             u_vd+         urms+          vrms+           wrms+          uv+      sqrt(rho/rho_w)     prms+          trms+         rhorms+     y+ du_vd+/dy+      S(u)            S(T)           F(u)           F(T)           omx+           omy+           omz+

      0.0000000      0.0000000      0.0000000      0.0000000      0.0000000      0.0000000      0.0000000      0.0000000      1.0000000      2.5713019      0.0000884      0.0325377      0.0000000      1.0057588     -0.8695152      4.8191494      7.6415842      0.2557275      0.0000000      0.4075316
      0.0017194      0.6920859      0.6932865      0.6935116      0.2810021      0.0131092      0.1712497     -0.0008951      1.0006493      2.5573704      0.2974004      0.0302574      0.7746812      1.0057588     -0.8695152      4.8191494      7.6415842      0.2304700      0.0252357      0.4039393
      0.0034396      1.3844821      1.3866735      1.3878653      0.5580560      0.0277646      0.3153201     -0.0046416      1.0021392      2.5566219      0.6164277      0.0286941      1.3653692      1.0350193     -1.2750776      4.8336767      8.9212405      0.1905054      0.0506206      0.4016151
      0.0051613      2.0774993      2.0787538      2.0822126      0.8313809      0.0472185      0.4352456     -0.0133269      1.0044119      2.5452685      0.9643329      0.0282683      2.0779419      1.0365405     -1.6186925      4.7286442     10.2826128      0.1614735      0.0759210      0.3992947
      0.0068854      2.7714481      2.7662431      2.7737906      1.0976081      0.0716653      0.5356189     -0.0290515      1.0074827      2.5495986      1.3649794      0.0298480      2.7487032      1.0043278     -1.8278991      4.4822469     10.8143148      0.1409157      0.1005231      0.3929137
      0.0086125      3.4666397      3.4442166      3.4581357      1.3509333      0.0992986      0.6197737     -0.0526381      1.0113133      2.5477117      1.8218861      0.0335062      3.3820286      0.9418050     -1.8914047      4.1385014     10.3320541      0.1297495      0.1236713      0.3814944
      0.0103435      4.1633861      4.1067811      4.1297102      1.5851825      0.1293629      0.6909787     -0.0839901      1.0158843      2.5593932      2.3235742      0.0393830      3.9581217      0.8576803     -1.8473097      3.7640656      9.2560263      0.1271924      0.1447076      0.3664514
      0.0120791      4.8619995      4.7479040      4.7826892      1.7953866      0.1604816      0.7515746     -0.1217517      1.0211011      2.5652732      2.8510256      0.0468483      4.4600778      0.7615426     -1.7436322      3.4103400      8.0568429      0.1308777      0.1632114      0.3501918
      0.0138202      5.5627934      5.3621427      5.4116678      1.9784827      0.1924912      0.8038310     -0.1642980      1.0268929      2.5814898      3.3842071      0.0555737      4.8766072      0.6610383     -1.6147944      3.1038386      6.9730103      0.1380385      0.1790098      0.3349218
      0.0155674      6.2660819      5.9451645      6.0121839      2.1334216      0.2245031      0.8492539     -0.2095212      1.0331195      2.5916598      3.9051878      0.0649304      5.2029754      0.5614091     -1.4801124      2.8529268      6.0647740      0.1465497      0.1921324      0.3219971
      0.0173217      6.9721806      6.4939789      6.5809770      2.2607757      0.2566161      0.8892712     -0.2557615      1.0396872      2.6097975      4.4000470      0.0746721      5.4405929      0.4658319     -1.3492557      2.6559980      5.3267938      0.1550964      0.2027421      0.3118050
      0.0190836      7.6814059      7.0069717      7.1160627      2.3623324      0.2882357      0.9247377     -0.3013125      1.0464460      2.6224228      4.8590027      0.0843500      5.5957417      0.3760305     -1.2266921      2.5069137      4.7351968      0.1629782      0.2110800      0.3040319
      0.0208542      8.3940761      7.4837567      7.6166300      2.4405574      0.3195431      0.9564838     -0.3451899      1.0533149      2.6415979      5.2762818      0.0938633      5.6778943      0.2927564     -1.1140689      2.3981967      4.2632074      0.1698859      0.2174198      0.2980297
      0.0226341      9.1105107      7.9249596      8.0828664      2.4982821      0.3501217      0.9849482     -0.3863968      1.0601639      2.6560083      5.6492561      0.1029146      5.6981471      0.2161824     -1.0116887      2.3225573      3.8872757      0.1757557      0.2220414      0.2931176
      0.0244242      9.8310310      8.3319552      8.5157284      2.5383538      0.3801525      1.0105993     -0.4246343      1.0669450      2.6757413      5.9777913      0.1115184      5.6679246      0.1461426     -0.9191272      2.2735810      3.5877153      0.1806414      0.2252101      0.2887462
      0.0262252     10.5559601      8.7066347      8.9167299      2.5635154      0.4093253      1.0336663     -0.4594683      1.0735593      2.6911347      6.2633716      0.1194832      5.5980435      0.0822897     -0.8356403      2.2458169      3.3485831      0.1846467      0.2271666      0.2845481
      0.0280379     11.2856231      9.0511865      9.2877352      2.5762381      0.4377962      1.0544460     -0.4910382      1.0799940      2.7106047      6.5086002      0.1268946      5.4981739      0.0241932     -0.7603589      2.2348088      3.1573000      0.1878779      0.2281214      0.2803038
      0.0298633     12.0203472      9.3679430      9.6308100      2.5787338      0.4653257      1.0730910     -0.5192255      1.0861792      2.7259323      6.7166467      0.1336236      5.3766581     -0.0286074     -0.6924048      2.2369410      3.0039444      0.1904313      0.2282543      0.2759098
      0.0317020     12.7604621      9.6592540      9.9480927      2.5728943      0.4920424      1.0898197     -0.5443789      1.0921302      2.7442161      6.8909897      0.1397924      5.2404505     -0.0765667     -0.6309349      2.2493471      2.8806988      0.1923879      0.2277158      0.2713335
      0.0335550     13.5062994      9.9274106     10.2417148      2.5603522      0.5177633      1.1047543     -0.5665279      1.0977989      2.7585154      7.0351383      0.1453131      5.0951937     -0.1201277     -0.5752124      2.2697003      2.7816673      0.1938272      0.2266305      0.2665984
      0.0354230     14.2581938     10.1745849     10.5137323      2.5424629      0.5425959      1.1180689     -0.5860817      1.1032199      2.7748918      7.1525286      0.1503272      4.9452793     -0.1597016     -0.5245854      2.2961327      2.7021890      0.1948262      0.2251007      0.2617481
      0.0373069     15.0164824     10.4028012     10.7660916      2.5203752      0.5664033      1.1298717     -0.6031154      1.1083589      2.7875238      7.2463882      0.1547682      4.7941212     -0.1956572     -0.4784917      2.3271253      2.6385022      0.1954522      0.2232122      0.2568249
      0.0392075     15.7815053     10.6139203     11.0006048      2.4950285      0.5892796      1.1403102     -0.6180197      1.1132618      2.8015657      7.3197237      0.1587772      4.6442461     -0.2283074     -0.4364577      2.3614786      2.5876727      0.1957528      0.2210361      0.2518638
      0.0411257     16.5536056     10.8096350     11.2189406      2.4672156      0.6111265      1.1494846     -0.6308725      1.1179021      2.8121567      7.3752582      0.1622993      4.4975001     -0.2579191     -0.3980779      2.3981958      2.5473054      0.1957654      0.2186313      0.2468990
      0.0430623     17.3331295     10.9914746     11.4226221      2.4375817      0.6320296      1.1575190     -0.6420232      1.1223309      2.8237173      7.4154557      0.1654705      4.3551324     -0.2847071     -0.3630305      2.4364528      2.5157596      0.1955290      0.2160465      0.2419457
      0.0450183     18.1204266     11.1608105     11.6130283      2.4066701      0.6519228      1.1645008     -0.6515374      1.1265257      2.8321600      7.4424909      0.1682487      4.2179619     -0.3088399     -0.3310429      2.4755594      2.4918419      0.1950791      0.2133222      0.2370207
      0.0469944     18.9158500     11.3188707     11.7914043      2.3749158      0.6708850      1.1705314     -0.6597068      1.1305386      2.8412534      7.4582664      0.1707549      4.0865264     -0.3304539     -0.3018322      2.5149648      2.4743470      0.1944579      0.2104923      0.2321525
      0.0489917     19.7197563     11.4667520     11.9588714      2.3426801      0.6888736      1.1756881     -0.6665787      1.1343479      2.8475735      7.4644406      0.1729449      3.9611352     -0.3496730     -0.2751392      2.5542255      2.4622517      0.1936946      0.2075854      0.2273664
      0.0510109     20.5325062     11.6054345     12.1164392      2.3102483      0.7059613      1.1800613     -0.6723939      1.1380046      2.8543501      7.4624756      0.1749251      3.8419714     -0.3666199     -0.2507251      2.5929909      2.4546588      0.1928009      0.2046255      0.2226812
      0.0530529     21.3544641     11.7357952     12.2650173      2.2778577      0.7221223      1.1837261     -0.6771842      1.1414868      2.8586635      7.4536402      0.1766496      3.7291357     -0.3814204     -0.2283704      2.6309676      2.4507330      0.1917881      0.2016327      0.2181055
      0.0551188     22.1859986     11.8586195     12.4054257      2.2456978      0.7374228      1.1867640     -0.6811472      1.1448431      2.8632482      7.4390367      0.1782100      3.6225152     -0.3942064     -0.2078856      2.6679146      2.4497615      0.1906683      0.1986244      0.2136279
      0.0572094     23.0274827     11.9746049     12.5383968      2.2139279      0.7518503      1.1892481     -0.6843061      1.1480508      2.8656271      7.4196004      0.1795649      3.5218291     -0.4051122     -0.1891083      2.7035951      2.4511235      0.1894456      0.1956146      0.2092409
      0.0593256     23.8792936     12.0843719     12.6645853      2.1826727      0.7654694      1.1912544     -0.6868188      1.1511555      2.8681626      7.3961374      0.1807959      3.4267700     -0.4142640     -0.1718995      2.7377824      2.4542494      0.1881221      0.1926147      0.2049403
      0.0614684     24.7418134     12.1884737     12.7845776      2.1520332      0.7782828      1.1928468     -0.6886892      1.1541338      2.8687473      7.3693242      0.1818636      3.3371891     -0.4217654     -0.1561439      2.7702546      2.4587246      0.1867130      0.1896349      0.2007295
      0.0636389     25.6154290     12.2874119     12.8989088      2.1220785      0.7903541      1.1940841     -0.6900362      1.1570284      2.8694248      7.3397267      0.1828398      3.2530563     -0.4276944     -0.1417367      2.8008091      2.4642837      0.1852365      0.1866844      0.1966186
      0.0658378     26.5005320     12.3816418     13.0080668      2.0928551      0.8016929      1.1950170     -0.6908567      1.1598161      2.8683866      7.3078243      0.1836888      3.1743118     -0.4321135     -0.1285991      2.8293106      2.4708557      0.1837016      0.1837704      0.1926389
      0.0680663     27.3975195     12.4715788     13.1124996      2.0643905      0.8123543      1.1956876     -0.6912536      1.1625371      2.8674028      7.2740159      0.1844750      3.1008746     -0.4351028     -0.1166607      2.8557412      2.4785163      0.1821110      0.1808989      0.1888158
      0.0703253     28.3067936     12.5576008     13.2126165      2.0367091      0.8223465      1.1961238     -0.6912262      1.1651681      2.8649032      7.2385871      0.1851619      3.0326287     -0.4367671     -0.1058060      2.8801470      2.4872796      0.1804755      0.1780750      0.1851458
      0.0726158     29.2287622     12.6400530     13.3087934      2.0098304      0.8317152      1.1963404     -0.6908680      1.1677466      2.8624470      7.2017709      0.1858008      2.9694178     -0.4372331     -0.0958791      2.9025506      2.4970036      0.1788046      0.1753024      0.1816194
      0.0749389     30.1638387     12.7192474     13.4013715      1.9837720      0.8404690      1.1963464     -0.6901870      1.1702496      2.8586813      7.1638244      0.1863562      2.9108879     -0.4366288     -0.0867379      2.9229484      2.5074816      0.1771138      0.1725830      0.1782268
      0.0772956     31.1124424     12.7954616     13.4906550      1.9585468      0.8486487      1.1961483     -0.6892713      1.1727126      2.8549730      7.1250663      0.1868780      2.8565376     -0.4350886     -0.0782941      2.9413802      2.5185324      0.1754209      0.1699178      0.1749475
      0.0796870     32.0749989     12.8689408     13.5769132      1.9341670      0.8562639      1.1957617     -0.6881224      1.1751135      2.8501340      7.0858141      0.1873390      2.8059526     -0.4327396     -0.0705059      2.9578787      2.5299702      0.1737072      0.1673109      0.1717526
      0.0821141     33.0519397     12.9399077     13.6603916      1.9106342      0.8633537      1.1951975     -0.6867981      1.1774857      2.8453652      7.0463205      0.1877836      2.7592071     -0.4296761     -0.0633299      2.9724545      2.5415675      0.1719578      0.1647664      0.1686411
      0.0845780     34.0437029     13.0085785     13.7413301      1.8879368      0.8699325      1.1944616     -0.6852764      1.1798070      2.8395942      7.0067479      0.1881800      2.7167776     -0.4259815     -0.0566967      2.9851600      2.5530008      0.1701851      0.1622863      0.1656509
      0.0870799     35.0507334     13.0751676     13.8199691      1.8660574      0.8760369      1.1935474     -0.6835939      1.1821085      2.8339022      6.9672236      0.1885646      2.6791970     -0.4217398     -0.0505834      2.9960755      2.5641312      0.1683953      0.1598717      0.1627927
      0.0896208     36.0734827     13.1398869     13.8965474      1.8449754      0.8816777      1.1924445     -0.6817301      1.1843688      2.8273064      6.9278040      0.1889104      2.6465810     -0.4169865     -0.0449755      3.0052697      2.5750073      0.1666103      0.1575229      0.1600484
      0.0922019     37.1124095     13.2029325     13.9712875      1.8246578      0.8868818      1.1911437     -0.6797226      1.1866166      2.8207502      6.8885060      0.1892505      2.6187870     -0.4117021     -0.0398243      3.0128166      2.5856618      0.1648420      0.1552386      0.1574275
      0.0948244     38.1679798     13.2644878     14.0443982      1.8050637      0.8916547      1.1896570     -0.6775598      1.1888310      2.8133441      6.8493971      0.1895607      2.5956074     -0.4058515     -0.0350825      3.0187188      2.5961230      0.1630762      0.1530164      0.1549464
      0.0974893     39.2406668     13.3247178     14.1160680      1.7861583      0.8960175      1.1879958     -0.6752845      1.1910387      2.8060063      6.8106245      0.1898733      2.5766294     -0.3994240     -0.0307422      3.0229552      2.6064345      0.1613339      0.1508542      0.1526058
      0.1001980     40.3309517     13.3837687     14.1864643      1.7679277      0.8999710      1.1861755     -0.6728955      1.1932184      2.7979251      6.7723311      0.1901699      2.5612149     -0.3924913     -0.0268395      3.0257421      2.6167542      0.1595965      0.1487525      0.1503659
      0.1029517     41.4393234     13.4417631     14.2557273      1.7503760      0.9035311      1.1841988     -0.6704282      1.1953942      2.7899242      6.7345976      0.1904792      2.5488519     -0.3852298     -0.0233708      3.0275134      2.6271177      0.1578468      0.1467108      0.1481946
      0.1057515     42.5662790     13.4988097     14.3239818      1.7335267      0.9067027      1.1820663     -0.6678787      1.1975447      2.7812540      6.6974570      0.1907769      2.5389881     -0.3778636     -0.0202565      3.0285857      2.6373437      0.1561157      0.1447261      0.1460795
      0.1085987     43.7123238     13.5549951     14.3913268      1.7174136      0.9095068      1.1797870     -0.6652814      1.1996924      2.7727160      6.6609066      0.1910837      2.5309741     -0.3705529     -0.0173974      3.0289492      2.6471933      0.1544157      0.1427971      0.1439849
      0.1114946     44.8779718     13.6103940     14.4578472      1.7020526      0.9119519      1.1774001     -0.6626283      1.2018175      2.7635545      6.6248756      0.1913774      2.5245843     -0.3633507     -0.0147237      3.0283728      2.6566434      0.1526904      0.1409243      0.1419192
      0.1144406     46.0637458     13.6650764     14.5236236      1.6874299      0.9140605      1.1749273     -0.6599359      1.2039419      2.7545072      6.5892660      0.1916763      2.5202016     -0.3562239     -0.0121775      3.0266436      2.6656717      0.1508991      0.1391059      0.1399219
      0.1174378     47.2701776     13.7191222     14.5887484      1.6735189      0.9158433      1.1723510     -0.6571893      1.2060476      2.7448655      6.5540303      0.1919611      2.5181688     -0.3491104     -0.0097471      3.0236733      2.6743128      0.1490765      0.1373382      0.1379945
      0.1204877     48.4978081     13.7726057     14.6533086      1.6602825      0.9173200      1.1696238     -0.6544022      1.2081566      2.7353581      6.5191902      0.1922523      2.5182759     -0.3419260     -0.0074315      3.0195112      2.6825043      0.1472819      0.1356169      0.1361228
      0.1235917     49.7471879     13.8255929     14.7173809      1.6476657      0.9184964      1.1667171     -0.6515621      1.2102524      2.7252722      6.4847843      0.1925378      2.5199292     -0.3346091     -0.0052431      3.0141071      2.6903261      0.1455195      0.1339399      0.1343056
      0.1267511     51.0188773     13.8781339     14.7810240      1.6355965      0.9193906      1.1636041     -0.6486809      1.2123577      2.7153088      6.4508480      0.1928392      2.5231162     -0.3271664     -0.0032042      3.0075152      2.6978939      0.1437880      0.1323095      0.1325407
      0.1299673     52.3134466     13.9302868     14.8443068      1.6240014      0.9200138      1.1602664     -0.6457440      1.2144580      2.7047831      6.4174705      0.1931447      2.5281051     -0.3197280     -0.0013412      3.0001337      2.7051636      0.1420999      0.1307241      0.1308596
      0.1332418     53.6314764     13.9821021     14.9072891      1.6128229      0.9203899      1.1566987     -0.6427645      1.2165737      2.6944539      6.3847837      0.1934752      2.5344432     -0.3124848      0.0003113      2.9924466      2.7121880      0.1404763      0.1291779      0.1292535
      0.1365760     54.9735577     14.0336175     14.9700158      1.6020151      0.9205335      1.1529393     -0.6397356      1.2186881      2.6836608      6.3528583      0.1938198      2.5412936     -0.3055761      0.0018050      2.9846394      2.7190777      0.1388921      0.1276729      0.1276729
      0.1399716     56.3402925     14.0848545     15.0325124      1.5915318      0.9204656      1.1490430     -0.6366703      1.2208165      2.6731589      6.3216598      0.1941880      2.5487261     -0.2990692      0.0032449      2.9766582      2.7255975      0.1372800      0.1262126      0.1261469
      0.1434298     57.7322936     14.1358545     15.0948282      1.5813430      0.9202019      1.1450556     -0.6335478      1.2229406      2.6622586      6.2909957      0.1945608      2.5581498     -0.2930058      0.0046691      2.9686339      2.7315331      0.1356853      0.1247937      0.1246721
      0.1469524     59.1501854     14.1866869     15.1570475      1.5714235      0.9197694      1.1410064     -0.6303595      1.2250769      2.6517346      6.2606545      0.1949478      2.5714822     -0.2873600      0.0059430      2.9608983      2.7369865      0.1341450      0.1234102      0.1232454
      0.1505409     60.5946036     14.2374518     15.2192925      1.5617382      0.9191835      1.1369174     -0.6270814      1.2272121      2.6408872      6.2305296      0.1953439      2.5890101     -0.2820757      0.0068814      2.9535073      2.7427468      0.1326236      0.1220611      0.1218795
      0.1541970     62.0661960     14.2882257     15.2816574      1.5522412      0.9184557      1.1327695     -0.6237108      1.2293640      2.6304834      6.2006140      0.1957651      2.6094924     -0.2770948      0.0074677      2.9461427      2.7492965      0.1311019      0.1207470      0.1205972
      0.1579221     63.5656226     14.3390640     15.3442111      1.5429054      0.9175838      1.1285182     -0.6202406      1.2315189      2.6197680      6.1710118      0.1962025      2.6314596     -0.2724038      0.0078262      2.9385820      2.7562150      0.1296211      0.1194614      0.1194067
      0.1617181     65.0935559     14.3899873     15.4069794      1.5337530      0.9165620      1.1241283     -0.6166867      1.2336911      2.6094837      6.1417339      0.1966619      2.6537829     -0.2680169      0.0081279      2.9308947      2.7628144      0.1282165      0.1181968      0.1182253
      0.1655866     66.6506809     14.4410074     15.4699779      1.5248035      0.9153769      1.1196326     -0.6130352      1.2358670      2.5988110      6.1126216      0.1971225      2.6760211     -0.2639868      0.0085210      2.9233256      2.7687847      0.1268465      0.1169511      0.1170137
      0.1695294     68.2376961     14.4921222     15.5332051      1.5160276      0.9140217      1.1150912     -0.6092767      1.2380640      2.5884384      6.0835708      0.1975864      2.6976630     -0.2602825      0.0090340      2.9159193      2.7741003      0.1255094      0.1157236      0.1158088
      0.1735482     69.8553132     14.5433220     15.5966503      1.5073920      0.9124837      1.1105862     -0.6054248      1.2402736      2.5774692      6.0545980      0.1980474      2.7179149     -0.2569240      0.0095997      2.9088549      2.7789836      0.1242244      0.1145106      0.1146375
      0.1776448     71.5042576     14.5945794     15.6602809      1.4988996      0.9107469      1.1061922     -0.6014884      1.2425125      2.5665023      6.0257658      0.1985242      2.7366489     -0.2538641      0.0100752      2.9021366      2.7838000      0.1229290      0.1133122      0.1134735
      0.1818211     73.1852687     14.6458774     15.7240772      1.4905746      0.9088125      1.1019227     -0.5974637      1.2447694      2.5546645      5.9971843      0.1990164      2.7538175     -0.2509644      0.0104479      2.8958885      2.7886118      0.1215892      0.1121319      0.1122637
      0.1860790     74.8991005     14.6971950     15.7880145      1.4824276      0.9067051      1.0977400     -0.5933276      1.2470576      2.5426949      5.9689238      0.1995343      2.7708252     -0.2482187      0.0106356      2.8905184      2.7934332      0.1202391      0.1109752      0.1110366
      0.1904203     76.6465215     14.7485704     15.8521419      1.4744475      0.9044588      1.0936210     -0.5890461      1.2493654      2.5298603      5.9408742      0.2000615      2.7911700     -0.2456671      0.0107461      2.8856176      2.7980982      0.1189103      0.1098388      0.1098485
      0.1948469     78.4283153     14.8000895     15.9165684      1.4666005      0.9020993      1.0895175     -0.5845844      1.2517072      2.5169875      5.9130183      0.2005974      2.8168390     -0.2433537      0.0110482      2.8806859      2.8021433      0.1176257      0.1087159      0.1087139
      0.1993610     80.2452812     14.8518503     15.9814189      1.4588336      0.8996461      1.0853507     -0.5799488      1.2540726      2.5034880      5.8856435      0.2011525      2.8465671     -0.2414224      0.0115226      2.8756473      2.8056772      0.1164055      0.1076043      0.1076565
      0.2039645     82.0982337     14.9038999     16.0467553      1.4511378      0.8970965      1.0810409     -0.5752019      1.2564713      2.4902980      5.8591020      0.2017506      2.8776936     -0.2400516      0.0121203      2.8712269      2.8091341      0.1152560      0.1065047      0.1067139
      0.2086594     83.9880041     14.9562450     16.1125888      1.4436053      0.8944349      1.0765526     -0.5704223      1.2588914      2.4768655      5.8338624      0.2023996      2.9073425     -0.2392856      0.0128271      2.8680461      2.8122842      0.1141644      0.1054170      0.1057840
      0.2134479     85.9154396     15.0088361     16.1788597      1.4363524      0.8916338      1.0718901     -0.5656221      1.2613415      2.4639486      5.8098518      0.2030894      2.9337553     -0.2388190      0.0137896      2.8659089      2.8144254      0.1130912      0.1043450      0.1047494
      0.2183322     87.8814048     15.0616205     16.2455040      1.4294138      0.8886851      1.0671158     -0.5607798      1.2638109      2.4508017      5.7867362      0.2038129      2.9570176     -0.2382372      0.0148842      2.8641942      2.8154445      0.1119916      0.1032929      0.1036007
      0.2233143     89.8867812     15.1145406     16.3124514      1.4227116      0.8855857      1.0623342     -0.5558777      1.2663162      2.4380030      5.7642294      0.2045814      2.9766804     -0.2374160      0.0159112      2.8626200      2.8160711      0.1108472      0.1022593      0.1024177
      0.2283966     91.9324683     15.1675449     16.3796388      1.4160919      0.8823422      1.0576599     -0.5509459      1.2688541      2.4249140      5.7419986      0.2053871      2.9947416     -0.2366420      0.0167579      2.8618440      2.8167871      0.1096906      0.1012404      0.1012356
      0.2335813     94.0193833     15.2206498     16.4470898      1.4093364      0.8789730      1.0531450     -0.5459351      1.2714393      2.4121122      5.7199879      0.2062373      3.0162189     -0.2360423      0.0173139      2.8623770      2.8180394      0.1085247      0.1002385      0.1000912
      0.2388708     96.1484622     15.2739531     16.5149316      1.4022428      0.8755184      1.0487461     -0.5407813      1.2740601      2.3991029      5.6981609      0.2071282      3.0441779     -0.2354179      0.0174589      2.8638920      2.8194077      0.1074211      0.0992504      0.0989770
      0.2442674     98.3206599     15.3275739     16.5833190      1.3946644      0.8720161      1.0444611     -0.5354031      1.2767219      2.3864217      5.6761136      0.2080437      3.0793987     -0.2347425      0.0174534      2.8654319      2.8207152      0.1063933      0.0982685      0.0979809
      0.2497735    100.5369504     15.3816329     16.6524101      1.3866885      0.8684939      1.0403569     -0.5298755      1.2794119      2.3738017      5.6535672      0.2089494      3.1201259     -0.2343117      0.0179513      2.8664050      2.8219223      0.1053065      0.0972907      0.0970658
      0.2553917    102.7983276     15.4361876     16.7222825      1.3785293      0.8649610      1.0362841     -0.5242397      1.2821413      2.3614662      5.6304579      0.2098433      3.1621883     -0.2344305      0.0191599      2.8667596      2.8222664      0.1042111      0.0963211      0.0961457
      0.2611244    105.1058058     15.4912434     16.7929479      1.3703116      0.8614246      1.0319977     -0.5185343      1.2849069      2.3492410      5.6070355      0.2107328      3.2048033     -0.2348928      0.0209599      2.8665914      2.8217785      0.1031601      0.0953601      0.0952356
      0.2669742    107.4604197     15.5468312     16.8644514      1.3619798      0.8578571      1.0274327     -0.5126738      1.2877280      2.3371074      5.5834567      0.2116326      3.2509073     -0.2356390      0.0233005      2.8663576      2.8200537      0.1021479      0.0943946      0.0943959
      0.2729437    109.8632252     15.6030277     16.9368980      1.3535148      0.8542168      1.0226667     -0.5067193      1.2906029      2.3249425      5.5603347      0.2125799      3.3022408     -0.2372007      0.0254051      2.8682534      2.8181277      0.1011045      0.0934226      0.0935387
      0.2790356    112.3153000     15.6598943     17.0103737      1.3448899      0.8504470      1.0177711     -0.5007003      1.2935364      2.3125267      5.5378975      0.2135808      3.3544330     -0.2398361      0.0275149      2.8728538      2.8158892      0.1000975      0.0924497      0.0926203
      0.2852527    114.8177436     15.7173774     17.0848156      1.3361464      0.8465127      1.0129111     -0.4947096      1.2965098      2.2999124      5.5157327      0.2145906      3.4005390     -0.2436413      0.0299234      2.8796760      2.8129260      0.0990988      0.0914719      0.0916451
      0.2915976    117.3716784     15.7753515     17.1600670      1.3273600      0.8424095      1.0082308     -0.4886987      1.2995251      2.2867877      5.4930470      0.2155929      3.4396341     -0.2485677      0.0326633      2.8879789      2.8084790      0.0980396      0.0904892      0.0906652
      0.2980734    119.9782496     15.8337494     17.2360458      1.3185461      0.8381531      1.0035860     -0.4826757      1.3025817      2.2737183      5.4702728      0.2165947      3.4802646     -0.2542722      0.0357063      2.8973776      2.8037147      0.0970226      0.0895015      0.0897438
      0.3046828    122.6386263     15.8926523     17.3128636      1.3095501      0.8337610      0.9987730     -0.4765574      1.3057065      2.2602978      5.4477715      0.2176525      3.5246442     -0.2605203      0.0388046      2.9076079      2.7993835      0.0960599      0.0885206      0.0888243
      0.3114289    125.3540014     15.9520714     17.3905426      1.3003688      0.8292376      0.9936741     -0.4703830      1.3089053      2.2473361      5.4258983      0.2187953      3.5698618     -0.2674733      0.0416227      2.9176329      2.7950312      0.0951331      0.0875684      0.0878824
      0.3183146    128.1255928     16.0120522     17.4691504      1.2910093      0.8246264      0.9882944     -0.4641237      1.3121940      2.2341533      5.4043726      0.2200315      3.6203306     -0.2747682      0.0444431      2.9254674      2.7907235      0.0942177      0.0866455      0.0869816
      0.3253431    130.9546432     16.0727133     17.5488516      1.2815483      0.8199630      0.9826057     -0.4578474      1.3155577      2.2217382      5.3824649      0.2212946      3.6801634     -0.2820258      0.0479802      2.9316199      2.7858940      0.0932758      0.0857539      0.0861089
      0.3325175    133.8424216     16.1341934     17.6298380      1.2721514      0.8152961      0.9765246     -0.4515357      1.3189976      2.2089552      5.3603987      0.2226032      3.7457732     -0.2893729      0.0521072      2.9361412      2.7803475      0.0923306      0.0848846      0.0851889
      0.3398410    136.7902229     16.1964960     17.7121238      1.2628999      0.8106670      0.9700058     -0.4451578      1.3224913      2.1965311      5.3388236      0.2239718      3.8067920     -0.2969063      0.0568183      2.9386312      2.7744807      0.0913950      0.0840135      0.0842545
      0.3473169    139.7993691     16.2594749     17.7955246      1.2536973      0.8060965      0.9631104     -0.4387426      1.3260393      2.1830225      5.3164020      0.2253589      3.8566110     -0.3046562      0.0618361      2.9397990      2.7688420      0.0904155      0.0831239      0.0833499
      0.3549486    142.8712097     16.3229514     17.8798109      1.2443702      0.8015492      0.9557716     -0.4324226      1.3296302      2.1690829      5.2933270      0.2267375      3.8989914     -0.3121747      0.0675612      2.9395552      2.7650512      0.0894949      0.0822167      0.0824858
      0.3627394    146.0071222     16.3868331     17.9648664      1.2348564      0.7969397      0.9482695     -0.4262374      1.3332775      2.1533284      5.2700712      0.2281210      3.9334719     -0.3196124      0.0734812      2.9388282      2.7613797      0.0886032      0.0813114      0.0816069
      0.3706929    149.2085131     16.4509360     18.0504522      1.2252360      0.7922286      0.9408875     -0.4200604      1.3369839      2.1369957      5.2473336      0.2295484      3.9576384     -0.3269495      0.0797724      2.9384309      2.7579680      0.0876839      0.0804108      0.0806726
      0.3788127    152.4768180     16.5151048     18.1363657      1.2155412      0.7873814      0.9335375     -0.4138325      1.3407550      2.1193099      5.2251793      0.2310567      3.9688468     -0.3335125      0.0860923      2.9402067      2.7549349      0.0866469      0.0795119      0.0797084
      0.3871023    155.8135025     16.5791187     18.2223150      1.2055677      0.7824384      0.9259511     -0.4075282      1.3445757      2.1019056      5.2040137      0.2325902      3.9736328     -0.3387981      0.0937162      2.9445578      2.7518296      0.0856277      0.0786187      0.0787937
      0.3955656    159.2200631     16.6429857     18.3083129      1.1949376      0.7773608      0.9182106     -0.4011825      1.3484537      2.0842681      5.1833559      0.2340973      3.9768852     -0.3427617      0.1027906      2.9468943      2.7469073      0.0846374      0.0777210      0.0778843
      0.4042062    162.6980275     16.7066540     18.3942914      1.1836268      0.7721935      0.9105818     -0.3949387      1.3523748      2.0673774      5.1612872      0.2355293      3.9844187     -0.3463968      0.1123746      2.9475243      2.7422816      0.0836311      0.0768236      0.0770470
      0.4130281    166.2489555     16.7703064     18.4804992      1.1719365      0.7668945      0.9030193     -0.3887096      1.3563291      2.0503270      5.1374238      0.2369110      4.0008701     -0.3506632      0.1217361      2.9486920      2.7385388      0.0827081      0.0759289      0.0761238
      0.4220353    169.8744393     16.8340101     18.5670296      1.1599281      0.7614144      0.8954722     -0.3824868      1.3603219      2.0339821      5.1114838      0.2382382      4.0233942     -0.3552781      0.1307468      2.9517013      2.7359462      0.0816971      0.0750325      0.0751478
      0.4312317    173.5761050     16.8979095     18.6540832      1.1476870      0.7556984      0.8880261     -0.3763092      1.3643901      2.0178723      5.0846794      0.2395586      4.0539479     -0.3604909      0.1404207      2.9579248      2.7344891      0.0806434      0.0741368      0.0741370
      0.4406215    177.3556126     16.9620787     18.7417680      1.1354552      0.7497830      0.8807066     -0.3699894      1.3685306      2.0023137      5.0584566      0.2409450      4.0877653     -0.3671761      0.1512884      2.9661051      2.7346052      0.0796279      0.0732458      0.0731468
      0.4502088    181.2146570     17.0265471     18.8301308      1.1232712      0.7436437      0.8730746     -0.3634838      1.3727455      1.9866771      5.0321510      0.2423339      4.1218673     -0.3762123      0.1639820      2.9779035      2.7363370      0.0786614      0.0723362      0.0721958
      0.4599981    185.1549689     17.0912883     18.9191431      1.1110627      0.7372444      0.8650791     -0.3569184      1.3770431      1.9711508      5.0056439      0.2437346      4.1547817     -0.3879346      0.1775925      2.9933503      2.7376280      0.0776423      0.0714172      0.0712531
      0.4699937    189.1783153     17.1562059     19.0086790      1.0987890      0.7305942      0.8568044     -0.3502804      1.3814020      1.9552037      4.9789794      0.2451791      4.1680839     -0.4021495      0.1900363      3.0116349      2.7383417      0.0766513      0.0704871      0.0701885
      0.4802001    193.2865005     17.2208950     19.0981839      1.0865127      0.7236358      0.8481973     -0.3436247      1.3858320      1.9388279      4.9492700      0.2465688      4.1655800     -0.4168408      0.2017052      3.0299716      2.7412811      0.0756188      0.0695484      0.0690597
      0.4906218    197.4813670     17.2854354     19.1877715      1.0742117      0.7164729      0.8392487     -0.3368999      1.3903427      1.9219696      4.9159700      0.2477935      4.1871744     -0.4309149      0.2152652      3.0451603      2.7470554      0.0745576      0.0686126      0.0680562
      0.5012635    201.7647959     17.3502614     19.2780518      1.0620726      0.7090421      0.8297378     -0.3301191      1.3949668      1.9052392      4.8812189      0.2490133      4.2255553     -0.4442736      0.2297057      3.0535269      2.7535176      0.0735115      0.0676316      0.0670840
      0.5121300    206.1387082     17.4153451     19.3689951      1.0504602      0.7014194      0.8199631     -0.3233935      1.3996882      1.8880084      4.8467179      0.2502345      4.2517734     -0.4608115      0.2460742      3.0677086      2.7607180      0.0723994      0.0665929      0.0659934
      0.5232262    210.6050653     17.4805772     19.4604576      1.0387875      0.6935693      0.8098928     -0.3164276      1.4045285      1.8712690      4.8089934      0.2513901      4.2901542     -0.4796981      0.2618026      3.0854449      2.7680671      0.0712361      0.0655508      0.0648635
      0.5345571    215.1658703     17.5463449     19.5529909      1.0261021      0.6856668      0.7992892     -0.3091300      1.4094180      1.8546085      4.7690120      0.2524698      4.3459730     -0.4999677      0.2767828      3.1087546      2.7740574      0.0700728      0.0645018      0.0637754
      0.5461277    219.8231686     17.6126565     19.6466164      1.0121725      0.6775171      0.7880928     -0.3014669      1.4143889      1.8384867      4.7289795      0.2535509      4.3986575     -0.5211621      0.2940759      3.1361782      2.7848356      0.0688829      0.0634401      0.0627721
      0.5579431    224.5790487     17.6794775     19.7412950      0.9974642      0.6692101      0.7763039     -0.2937454      1.4194071      1.8214782      4.6876916      0.2545440      4.4458390     -0.5411113      0.3131413      3.1594410      2.8016624      0.0677848      0.0623703      0.0618470
      0.5700088    229.4356434     17.7466911     19.8368710      0.9827656      0.6605025      0.7640841     -0.2855032      1.4245386      1.8036946      4.6438796      0.2554363      4.4900740     -0.5596080      0.3325059      3.1811335      2.8187592      0.0665787      0.0612777      0.0608593
      0.5823302    234.3951307     17.8142808     19.9333308      0.9687848      0.6514337      0.7510703     -0.2770537      1.4297397      1.7841202      4.5992606      0.2563402      4.5270794     -0.5774506      0.3499134      3.2035728      2.8353626      0.0652818      0.0601508      0.0597056
      0.5949126    239.4597348     17.8820382     20.0303863      0.9551659      0.6419255      0.7372819     -0.2684363      1.4350537      1.7641262      4.5532973      0.2571949      4.5537809     -0.5951904      0.3678279      3.2290830      2.8544106      0.0639638      0.0590111      0.0586938
      0.6077619    244.6317270     17.9498787     20.1279251      0.9420903      0.6319459      0.7231870     -0.2597686      1.4404783      1.7426722      4.5075001      0.2579671      4.5717828     -0.6157440      0.3890894      3.2594624      2.8713921      0.0626337      0.0578534      0.0574904
      0.6208837    249.9134266     18.0176832     20.2257869      0.9282400      0.6216947      0.7091501     -0.2510626      1.4461079      1.7211110      4.4635201      0.2588064      4.5965741     -0.6411295      0.4138386      3.2997921      2.8881349      0.0612295      0.0566642      0.0562681
      0.6342840    255.3072023     18.0857445     20.3244073      0.9132109      0.6112544      0.6945324     -0.2424997      1.4518787      1.6990359      4.4174779      0.2595629      4.6426071     -0.6714766      0.4389687      3.3511612      2.9042776      0.0598666      0.0554300      0.0549982
      0.6479687    260.8154729     18.1541910     20.4239848      0.8972969      0.6006460      0.6794808     -0.2340319      1.4577666      1.6773394      4.3676826      0.2601723      4.6846421     -0.7021184      0.4635418      3.4053429      2.9193745      0.0583689      0.0541694      0.0535825
      0.6619441    266.4407088     18.2227241     20.5240925      0.8801500      0.5901083      0.6641206     -0.2256266      1.4636775      1.6553211      4.3145791      0.2605320      4.6858664     -0.7322542      0.4898374      3.4616745      2.9403060      0.0567935      0.0528773      0.0522688
      0.6762162    272.1854326     18.2908143     20.6239577      0.8621760      0.5795339      0.6483046     -0.2169015      1.4696400      1.6329031      4.2560045      0.2605458      4.6904186     -0.7624187      0.5157479      3.5177728      2.9623367      0.0552481      0.0515471      0.0508669
      0.6907916    278.0522206     18.3590345     20.7244181      0.8433876      0.5688817      0.6314364     -0.2078545      1.4755438      1.6103884      4.1935189      0.2603018      4.7337351     -0.7973220      0.5398002      3.5855563      2.9782151      0.0537191      0.0502019      0.0496253
      0.7056768    284.0437038     18.4274198     20.8255276      0.8235583      0.5579283      0.6138148     -0.1982203      1.4815070      1.5877806      4.1312351      0.2599916      4.7308909     -0.8349251      0.5661526      3.6558381      2.9923661      0.0521346      0.0487495      0.0483365
      0.7208785    290.1625692     18.4951199     20.9260302      0.8031386      0.5463340      0.5962802     -0.1884324      1.4875458      1.5653467      4.0691002      0.2596093      4.7169967     -0.8736666      0.5943567      3.7285523      3.0084473      0.0504154      0.0472957      0.0469963
      0.7364035    296.4115607     18.5627253     21.0268049      0.7815015      0.5343314      0.5782244     -0.1783713      1.4937156      1.5424557      4.0053527      0.2589979      4.7400463     -0.9148874      0.6284948      3.8050380      3.0400721      0.0488414      0.0458109      0.0457107
      0.7522587    302.7934809     18.6302248     21.1278404      0.7592647      0.5217513      0.5592794     -0.1682581      1.4999502      1.5190739      3.9426378      0.2581898      4.7356092     -0.9586225      0.6694668      3.8938542      3.0852812      0.0472376      0.0443030      0.0441833
      0.7684513    309.3111918     18.6972126     21.2285310      0.7361523      0.5086185      0.5398500     -0.1581476      1.5062899      1.4941348      3.8803005      0.2572564      4.7333398     -1.0116497      0.7157283      4.0202297      3.1421504      0.0454880      0.0428064      0.0427543
      0.7849885    315.9676162     18.7638565     21.3291306      0.7113852      0.4948544      0.5195744     -0.1480849      1.5127301      1.4682887      3.8155607      0.2559666      4.6905774     -1.0703398      0.7679313      4.1758917      3.2118003      0.0436338      0.0411799      0.0412792
      0.8018777    322.7657394     18.8288813     21.4277066      0.6852524      0.4803913      0.4987840     -0.1377125      1.5192174      1.4401138      3.7506824      0.2544494      4.5661936     -1.1344079      0.8263426      4.3602230      3.2947409      0.0417207      0.0395144      0.0397242
      0.8191265    329.7086100     18.8919234     21.5236850      0.6579285      0.4655744      0.4781690     -0.1268961      1.5256851      1.4109460      3.6775988      0.2521861      4.4703516     -1.2093756      0.8910440      4.6082085      3.3988895      0.0396681      0.0378078      0.0380968
      0.8367427    336.7993416     18.9536675     21.6180878      0.6289178      0.4502469      0.4566739     -0.1160989      1.5321842      1.3793137      3.5957329      0.2491492      4.3912447     -1.2940752      0.9638243      4.9185711      3.5343534      0.0376360      0.0360340      0.0365006
      0.8547341    344.0411141     19.0137346     21.7103165      0.5989158      0.4345972      0.4344309     -0.1055112      1.5386704      1.3469664      3.5026982      0.2452389      4.2772658     -1.3883091      1.0417162      5.3145145      3.7002958      0.0356833      0.0342016      0.0348833
      0.8731089    351.4371752     19.0718042     21.7998569      0.5674759      0.4186376      0.4111534     -0.0951725      1.5452288      1.3142689      3.4014674      0.2405413      4.1385908     -1.4921096      1.1347113      5.7699160      3.9235705      0.0337241      0.0323131      0.0334477
      0.8918752    358.9908417     19.1272626     21.8857343      0.5355521      0.4020226      0.3882059     -0.0853734      1.5517795      1.2785358      3.2954433      0.2351693      3.9123610     -1.6093073      1.2414195      6.3271013      4.2013328      0.0315977      0.0304041      0.0318178
      0.9110414    366.7055011     19.1786541     21.9656486      0.5030525      0.3844544      0.3659610     -0.0760324      1.5582384      1.2395254      3.1769188      0.2286659      3.5985190     -1.7348922      1.3612228      6.9533784      4.5483612      0.0293346      0.0284468      0.0299665
      0.9306163    374.5846131     19.2256700     22.0390572      0.4705245      0.3665324      0.3436104     -0.0673077      1.5644721      1.2003797      3.0483399      0.2211597      3.3317743     -1.8718720      1.4968282      7.7235894      4.9850781      0.0271928      0.0264842      0.0281585
      0.9506084    382.6317112     19.2694500     22.1076819      0.4368991      0.3483015      0.3217835     -0.0591596      1.5705135      1.1610944      2.9055946      0.2122847      3.1199285     -2.0216848      1.6577321      8.7324846      5.5710839      0.0250359      0.0245412      0.0265360
      0.9710269    390.8504042     19.3100532     22.1715701      0.4027609      0.3296398      0.2985971     -0.0513372      1.5764401      1.1214224      2.7445505      0.2020116      2.8906200     -2.1969423      1.8431376     10.1393821      6.3150375      0.0231631      0.0226195      0.0247688
      0.9918809    399.2443779     19.3472231     22.2302710      0.3686183      0.3106828      0.2756025     -0.0437751      1.5820723      1.0796115      2.5777617      0.1908660      2.6248380     -2.3892062      2.0604881     11.9387616      7.3156279      0.0211866      0.0206628      0.0230689
      1.0131796    407.8173967     19.3803915     22.2828308      0.3351155      0.2913430      0.2532966     -0.0365943      1.5872063      1.0380743      2.4120524      0.1795382      2.3190022     -2.5869379      2.3000611     14.1494714      8.5247736      0.0191194      0.0187824      0.0212827
      1.0349328    416.5733055     19.4092517     22.3287058      0.3020237      0.2717228      0.2307390     -0.0300683      1.5919023      0.9950547      2.2364783      0.1672417      2.0010472     -2.7849221      2.5823601     16.8111068     10.1834579      0.0171275      0.0169148      0.0194576
      1.0571500    425.5160317     19.4337643     22.3677808      0.2708548      0.2521977      0.2082769     -0.0243979      1.5962468      0.9563211      2.0536707      0.1543040      1.6736863     -3.0063294      2.9163325     20.3934647     12.3398472      0.0152629      0.0150442      0.0174852
      1.0798414    434.6495877     19.4538953     22.3999532      0.2408609      0.2330504      0.1872117     -0.0195320      1.6000643      0.9175201      1.8706382      0.1410858      1.3662861     -3.2330631      3.3128419     24.7709598     15.3089683      0.0135205      0.0132772      0.0156988
      1.1030171    443.9780743     19.4703332     22.4262829      0.2118123      0.2143296      0.1673976     -0.0152139      1.6034686      0.8826179      1.6819141      0.1273540      1.1277961     -3.4071390      3.8036561     30.3107475     19.5669414      0.0119267      0.0115661      0.0140526
      1.1266874    453.5056866     19.4838861     22.4480345      0.1852455      0.1958489      0.1482888     -0.0114803      1.6064301      0.8495050      1.4949341      0.1135613      0.9148463     -3.4637992      4.4110533     36.2549357     25.5584367      0.0102893      0.0099073      0.0123650
      1.1508632    463.2367237     19.4944899     22.4650824      0.1615950      0.1778051      0.1308260     -0.0083438      1.6089870      0.8194799      1.3039279      0.0995129      0.6941606     -3.2628208      5.1838690     39.5993515     34.6573177      0.0087086      0.0083693      0.0106376
      1.1755553    473.1756052     19.5022686     22.4776065      0.1414255      0.1609980      0.1153826     -0.0059444      1.6111038      0.7935101      1.1153702      0.0856390      0.4883183     -2.8862019      6.2135820     40.9914861     49.3027820      0.0073083      0.0070071      0.0090012
      1.2007751    483.3269000     19.5075326     22.4860916      0.1247092      0.1452448      0.1014135     -0.0042413      1.6127536      0.7690556      0.9417212      0.0729234      0.3206498     -2.4544718      7.4771746     40.9331212     70.7081081      0.0060421      0.0058084      0.0073900
      1.2265345    493.6953712     19.5110015     22.4916883      0.1097062      0.1314355      0.0886220     -0.0030411      1.6139689      0.7498969      0.7963713      0.0621042      0.2209017     -1.8905671      9.0534055     37.1964414    102.7762526      0.0050533      0.0048061      0.0061851
      1.2528459    504.2860429     19.5134862     22.4956995      0.0962152      0.1188736      0.0775233     -0.0021634      1.6148221      0.7297272      0.6790124      0.0532654      0.1522783     -1.0990059     11.0291303     30.4595529    151.3241970      0.0042238      0.0039395      0.0052710
      1.2797227    515.1042922     19.5150798     22.4982734      0.0866187      0.1074835      0.0683579     -0.0015308      1.6154654      0.7151113      0.5696347      0.0452012      0.1011114     -0.5347304     13.5654741     29.2333483    228.3726123      0.0035570      0.0032709      0.0043451
      1.3071794    526.1559621     19.5161776     22.5000471      0.0789885      0.0965101      0.0600465     -0.0010845      1.6159407      0.6981975      0.4623122      0.0374405      0.0577403      0.0984508     17.3156350     27.6852646    377.7457643      0.0029202      0.0026169      0.0034741
      1.3352320    537.4474867     19.5166450     22.5008026      0.0722896      0.0865901      0.0527509     -0.0008431      1.6162870      0.6859987      0.3735264      0.0310598      0.0250785      0.5535952     22.6438900     26.3298870    661.0181996      0.0023293      0.0019563      0.0025884
      1.3638983    548.9860086     19.5169235     22.5012527      0.0659021      0.0779935      0.0465010     -0.0006786      1.6164933      0.6746369      0.2944721      0.0259707      0.0129609      0.6378573     28.0175406     21.0467028   1028.2097872      0.0018560      0.0014172      0.0019800
      1.3931979    560.7794629     19.5170180     22.5014054      0.0607304      0.0706090      0.0410837     -0.0005935      1.6166476      0.6651512      0.2135883      0.0213983      0.0077311      0.8259711     32.9086937     20.2241648   1538.7400502      0.0014545      0.0009394      0.0013030
      1.4231526    572.8366024     19.5171348     22.5015943      0.0560620      0.0644334      0.0368559     -0.0005261      1.6167260      0.6562137      0.1545598      0.0183575      0.0044516      0.7601397     34.7213981     14.7347970   1988.9238942      0.0010423      0.0005801      0.0008037
      1.4537860    585.1669460     19.5171342     22.5015932      0.0519114      0.0592449      0.0335994     -0.0004917      1.6167848      0.6466682      0.1100315      0.0164681      0.0007320      0.4642013     25.9347771      8.1002937   1601.6623256      0.0006467      0.0002905      0.0005327
      1.4851234    597.7806474     19.5171708     22.5016524      0.0484882      0.0549825      0.0308867     -0.0004736      1.6167970      0.6405795      0.0814787      0.0154339      0.0013441      0.2626200     10.3790887      5.9896429    638.5871444      0.0002940      0.0001211      0.0002737
      1.5171912    610.6883016     19.5171584     22.5016324      0.0455769      0.0512714      0.0285430     -0.0004525      1.6168189      0.6314382      0.0703307      0.0149287     -0.0011691      0.1577253      1.1490250      4.7215807     93.4585088      0.0001013      0.0000365      0.0001009
      1.5500160    623.9007202     19.5171502     22.5016191      0.0430731      0.0483050      0.0265864     -0.0004454      1.6168256      0.6275814      0.0687364      0.0148036     -0.0008461      0.0822125      0.1962526      2.1482121     58.7844674      0.0000612      0.0000106      0.0000674
      1.5836249    637.4287190     19.5171311     22.5015882      0.0408353      0.0456616      0.0248556     -0.0004316      1.6168276      0.6208612      0.0679674      0.0146454     -0.0019893      0.0210385      0.1831980      3.2466078     61.0838620      0.0000597      0.0000095      0.0000663
      1.6180443    651.2829498     19.5171044     22.5015451      0.0388475      0.0433165      0.0233487     -0.0004196      1.6168424      0.6144355      0.0672576      0.0144949     -0.0012611     -0.0237653      0.1610718      2.1914373     65.4401357      0.0000601      0.0000094      0.0000666
      1.6533000    665.4738034     19.5170938     22.5015279      0.0370735      0.0412260      0.0220281     -0.0004091      1.6168412      0.6100751      0.0667830      0.0143916     -0.0015968     -0.0748921      0.1662297      3.7571363     67.7576915      0.0000604      0.0000093      0.0000671
      1.6894171    680.0113844     19.5170648     22.5014810      0.0354743      0.0393455      0.0208228     -0.0003975      1.6168487      0.6038165      0.0661135      0.0142427     -0.0010575     -0.1059948      0.1622082      2.9872384     71.0496556      0.0000607      0.0000094      0.0000673
      1.7264201    694.9055483     19.5170604     22.5014739      0.0340313      0.0376625      0.0197984     -0.0003875      1.6168380      0.6007261      0.0657510      0.0141725     -0.0018671     -0.1447026      0.1497529      3.6909872     71.8719006      0.0000611      0.0000093      0.0000677
      1.7643330    710.1659777     19.5170183     22.5014059      0.0327699      0.0361450      0.0188800     -0.0003809      1.6168530      0.5980983      0.0654980      0.0141072     -0.0016661     -0.1761339      0.1549510      2.8437748     72.4724186      0.0000616      0.0000094      0.0000679
      1.8031798    725.8022766     19.5170106     22.5013934      0.0315913      0.0348061      0.0180655     -0.0003702      1.6168504      0.5942153      0.0650509      0.0140177     -0.0026123     -0.2086145      0.1453007      2.9674428     75.3953119      0.0000617      0.0000095      0.0000680
      1.8429842    741.8240611     19.5169421     22.5012827      0.0305924      0.0336063      0.0174219     -0.0003676      1.6168617      0.5933436      0.0649496      0.0139974     -0.0049938     -0.2414127      0.1522873      5.3214727     75.9576301      0.0000620      0.0000096      0.0000682
      1.8837705    758.2410372     19.5168847     22.5011899      0.0296385      0.0325318      0.0168132     -0.0003592      1.6168690      0.5902278      0.0646139      0.0139232     -0.0049900     -0.2757463      0.1527135     -1.4381086     78.3096123      0.0000621      0.0000096      0.0000682
      1.9255630    775.0630605     19.5167999     22.5010527      0.0288226      0.0315611      0.0163384     -0.0003540      1.6168995      0.5880892      0.0643807      0.0138723     -0.0069544     -0.3004944      0.1529139     -1.4554331     78.0882074      0.0000622      0.0000097      0.0000679
      1.9683869    792.3001787     19.5167073     22.5009031      0.0280965      0.0308209      0.0159285     -0.0003520      1.6169164      0.5877975      0.0643364      0.0138662     -0.0058968     -0.3354084      0.1518995      5.4365172     80.3845955      0.0000624      0.0000098      0.0000682
      2.0122674    809.9626601     19.5166317     22.5007808      0.0273832      0.0301035      0.0155699     -0.0003463      1.6169379      0.5865973      0.0642203      0.0138361     -0.0069698     -0.3581198      0.1606434     -1.6527499     82.4004721      0.0000624      0.0000098      0.0000682
      2.0572309    828.0610126     19.5165297     22.5006158      0.0268496      0.0294409      0.0153398     -0.0003469      1.6169656      0.5884447      0.0644188      0.0138797     -0.0048870     -0.3728714      0.1540222      7.0474768     77.2686897      0.0000622      0.0000098      0.0000679
      2.1033040    846.6059975     19.5164954     22.5005604      0.0262496      0.0288484      0.0151143     -0.0003419      1.6169707      0.5871709      0.0642797      0.0138499     -0.0035708     -0.3903980      0.1433596     10.3570041     79.8549738      0.0000622      0.0000098      0.0000677
      2.1505141    865.6086386     19.5164295     22.5004539      0.0258636      0.0282828      0.0149606     -0.0003433      1.6169840      0.5900028      0.0645633      0.0139193     -0.0027509     -0.3946568      0.1276998     -8.5107608     76.6404641      0.0000621      0.0000098      0.0000673
      2.1988892    885.0802308     19.5164225     22.5004426      0.0254423      0.0278428      0.0148617     -0.0003432      1.6169784      0.5913558      0.0647088      0.0139517     -0.0012742     -0.4103284      0.1189869     17.3613816     75.4869936      0.0000618      0.0000098      0.0000670
      2.2484581    905.0323471     19.5163938     22.5003962      0.0251141      0.0274382      0.0147513     -0.0003431      1.6169789      0.5936090      0.0649644      0.0140044      0.0000191     -0.4064119      0.1076165      6.9742055     77.1376630      0.0000614      0.0000097      0.0000665
      2.2992503    925.4768462     19.5164181     22.5004353      0.0247862      0.0271313      0.0146603     -0.0003458      1.6169730      0.5953081      0.0651502      0.0140445      0.0005526     -0.4054158      0.1087307     -5.7926617     73.6988447      0.0000611      0.0000097      0.0000662
      2.3512960    946.4258791     19.5163872     22.5003854      0.0245111      0.0269553      0.0145787     -0.0003474      1.6169728      0.5990952      0.0655460      0.0141348     -0.0044959     -0.4090084      0.1268737     -5.1190236     72.9708093      0.0000607      0.0000097      0.0000659
      2.4046261    967.8918968     19.5163319     22.5002960      0.0242575      0.0267082      0.0145870     -0.0003503      1.6169831      0.6003811      0.0657014      0.0141644     -0.0002297     -0.4051612      0.1064608     19.8948834     73.3891717      0.0000602      0.0000096      0.0000653
      2.4592723    989.8876577     19.5163728     22.5003621      0.0239714      0.0264841      0.0144988     -0.0003497      1.6169661      0.5999621      0.0656482      0.0141554      0.0016641     -0.3933812      0.1064159     -1.2953110     71.9926473      0.0000595      0.0000095      0.0000642
      2.5152670   1012.4262349     19.5163730     22.5003624      0.0237262      0.0261815      0.0145746     -0.0003472      1.6169629      0.5975988      0.0653837      0.0140998      0.0025457     -0.3875810      0.1165944      2.2823480     73.1401383      0.0000588      0.0000094      0.0000634
      2.5726436   1035.5210240     19.5164438     22.5004770      0.0234847      0.0261090      0.0145525     -0.0003500      1.6169195      0.5970172      0.0653329      0.0140859      0.0035588     -0.3852839      0.1051391     15.4739551     73.3977151      0.0000581      0.0000093      0.0000627
      2.6314361   1059.1857515     19.5164682     22.5005164      0.0233653      0.0260050      0.0146491     -0.0003548      1.6169013      0.5994210      0.0655991      0.0141427      0.0034038     -0.3709115      0.1032306      3.1873534     71.2720164      0.0000574      0.0000092      0.0000618
      2.6916796   1083.4344823     19.5165457     22.5006416      0.0231555      0.0258226      0.0146482     -0.0003535      1.6168742      0.5968840      0.0653332      0.0140818      0.0053282     -0.3816021      0.1111364     10.9591231     71.6674262      0.0000566      0.0000091      0.0000610
      2.7534097   1108.2816287     19.5165848     22.5007050      0.0230731      0.0256810      0.0147513     -0.0003569      1.6168547      0.6000479      0.0656774      0.0141572     -0.0007596     -0.3690697      0.0998726     19.2635697     71.1500200      0.0000559      0.0000090      0.0000600
      2.8166632   1133.7419585     19.5165534     22.5006542      0.0230138      0.0256264      0.0147660     -0.0003617      1.6168494      0.6023804      0.0659067      0.0142149      0.0003124     -0.3537101      0.0895145      9.4904676     66.8586968      0.0000551      0.0000088      0.0000590
      2.8814777   1159.8306039     19.5165898     22.5007130      0.0229368      0.0255320      0.0148410     -0.0003611      1.6168304      0.6055824      0.0662587      0.0142906      0.0002191     -0.3463094      0.0842815    -13.0428935     66.7767087      0.0000541      0.0000087      0.0000581
      2.9478917   1186.5630707     19.5165492     22.5006473      0.0228927      0.0254876      0.0148721     -0.0003646      1.6168351      0.6090151      0.0666462      0.0143704     -0.0024573     -0.3450744      0.0869169    -23.8049558     65.3396134      0.0000533      0.0000086      0.0000571
      3.0159447   1213.9552471     19.5165392     22.5006312      0.0228898      0.0254612      0.0148751     -0.0003685      1.6168359      0.6105327      0.0668282      0.0144049     -0.0002133     -0.3387296      0.0828695      4.8999671     64.7877494      0.0000521      0.0000084      0.0000559
      3.0856772   1242.0234134     19.5165112     22.5005860      0.0227874      0.0255160      0.0148558     -0.0003683      1.6168412      0.6128375      0.0670641      0.0144607     -0.0059607     -0.3453176      0.0749190     21.5416201     62.0384649      0.0000512      0.0000083      0.0000549
      3.1571305   1270.7842509     19.5164023     22.5004098      0.0227100      0.0256291      0.0148145     -0.0003700      1.6168733      0.6121340      0.0669754      0.0144443     -0.0039814     -0.3534707      0.0848247      8.6415848     61.1621781      0.0000502      0.0000082      0.0000538
      3.2303471   1300.2548508     19.5163927     22.5003943      0.0227476      0.0255547      0.0149103     -0.0003724      1.6168651      0.6143477      0.0672235      0.0144958     -0.0034137     -0.3537065      0.0926518    -21.8398804     59.3765763      0.0000489      0.0000080      0.0000521
      3.3053705   1330.4527202     19.5162827     22.5002165      0.0226217      0.0257073      0.0148080     -0.0003710      1.6169012      0.6135907      0.0671471      0.0144766     -0.0083672     -0.3531521      0.0978272     -0.3052865     61.8050814      0.0000474      0.0000078      0.0000509
      3.3822453   1361.3957817     19.5161906     22.5000675      0.0225614      0.0256059      0.0148521     -0.0003702      1.6169261      0.6129652      0.0670719      0.0144622     -0.0046013     -0.3405114      0.0894563    -13.3295235     63.4271907      0.0000460      0.0000077      0.0000496
      3.4610170   1393.1023572     19.5161273     22.4999653      0.0225155      0.0256450      0.0149092     -0.0003704      1.6169397      0.6133622      0.0670977      0.0144729     -0.0067798     -0.3323736      0.0878544      0.9254816     62.9243609      0.0000446      0.0000075      0.0000479
      3.5417319   1425.5911124     19.5159984     22.4997568      0.0224388      0.0254841      0.0149604     -0.0003671      1.6169757      0.6138930      0.0671435      0.0144851     -0.0089719     -0.3516779      0.1103941     -1.3181535     64.2420776      0.0000430      0.0000074      0.0000458
      3.6244369   1458.8809222     19.5159172     22.4996255      0.0223767      0.0251892      0.0150253     -0.0003612      1.6169983      0.6120172      0.0669390      0.0144396     -0.0006312     -0.3566820      0.1336246     -0.6973475     65.2805142      0.0000414      0.0000072      0.0000440
      3.7091788   1492.9905768     19.5159556     22.4996876      0.0222789      0.0251579      0.0149438     -0.0003605      1.6169739      0.6093329      0.0666492      0.0143765      0.0019030     -0.3464411      0.1251963    -18.7170553     66.4119951      0.0000395      0.0000071      0.0000422
      3.7960025   1527.9382008     19.5159433     22.4996676      0.0223538      0.0250090      0.0150754     -0.0003597      1.6169727      0.6144112      0.0672027      0.0144971     -0.0016508     -0.3323341      0.1032230      1.7079470     64.5016955      0.0000379      0.0000070      0.0000405
      3.8849488   1563.7401969     19.5159190     22.4996285      0.0222086      0.0252087      0.0149144     -0.0003586      1.6169772      0.6106080      0.0667884      0.0144065     -0.0024847     -0.3322691      0.1211086      6.8288579     64.5406783      0.0000357      0.0000069      0.0000386
      3.9760498   1600.4094731     19.5158744     22.4995562      0.0222592      0.0248510      0.0150851     -0.0003528      1.6169931      0.6135841      0.0671105      0.0144767     -0.0031788     -0.3284114      0.1238906     20.3893466     63.7040145      0.0000337      0.0000068      0.0000362
      4.0693220   1637.9527051     19.5158394     22.4994997      0.0220271      0.0248581      0.0150319     -0.0003447      1.6169981      0.6085393      0.0665457      0.0143579     -0.0013643     -0.3263824      0.1428828      3.0932166     66.3107773      0.0000313      0.0000066      0.0000337
      4.1647570   1676.3664701     19.5158355     22.4994934      0.0220481      0.0244347      0.0152570     -0.0003367      1.6170079      0.6111910      0.0668347      0.0144202      0.0008080     -0.3323105      0.1502068      7.0781562     63.8134423      0.0000282      0.0000065      0.0000299
      4.2623089   1715.6323033     19.5158350     22.4994927      0.0223100      0.0241379      0.0155983     -0.0003325      1.6169988      0.6160153      0.0673575      0.0145347     -0.0035223     -0.3082767      0.1399197    -23.6265235     62.9836463      0.0000240      0.0000063      0.0000259
      4.3618804   1755.7110829     19.5157625     22.4993754      0.0225051      0.0232321      0.0158985     -0.0003145      1.6169912      0.6178480      0.0675838      0.0145761     -0.0014084     -0.2837681      0.1229628     17.4745065     58.9850267      0.0000187      0.0000062      0.0000202
      4.4633096   1796.5375836     19.5158025     22.4994400      0.0235560      0.0212843      0.0172781     -0.0002993      1.6169841      0.6469529      0.0707506      0.0152649      0.0024201     -0.2573088      0.1042641     13.6417372     47.9431071      0.0000147      0.0000060      0.0000169
      4.5663594   1838.0164048     19.5159372     22.4994400      0.0246011      0.0193939      0.0187700     -0.0002946      1.6169771      0.6858871      0.0750072      0.0161837     -0.0004650     -0.2438725      0.1092170     21.7493783     37.3131422      0.0000965      0.0000057      0.0001233
