 ***********************************
   FLAT-PLATE BOUNDARY LAYER MACH 2 
 ***********************************
 Skin friction        =   1.852781024538684E-003
 Friction Mach number =   9.138697397027216E-002
 ***********************************
 Reynolds numbers:
 ***********************************
 Retau    =   501.959480429549     
 Redelta  =   63885.4869184169     
 Retheta  =   4342.89963292213     
 Redelta2 =   1815.74455412960     
 ***********************************
 Shape factors:
 ***********************************
 dstar/delta99 =   0.320637711489791     
 theta/delta99 =   6.797944012648920E-002
 H             =    4.71668655836501     
 Hinc          =    1.40930370967495     
 ***********************************
 Wall-normal profiles:              
 ***********************************

      y/delta99          y+            u+             u_vd+         urms+          vrms+           wrms+          uv+      sqrt(rho/rho_w)     prms+          trms+         rhorms+     y+ du_vd+/dy+      S(u)            S(T)           F(u)           F(T)           omx+           omy+           omz+

      0.0000000      0.0000000      0.0000000      0.0000000      0.0000000      0.0000000      0.0000000      0.0000000      1.0000000      2.7355270      0.0000957      0.0319844      0.0000000      1.0214568     -0.9207599      4.9372669      7.5378379      0.2649251      0.0000000      0.4111382
      0.0013247      0.6649685      0.6661071      0.6663232      0.2724342      0.0108393      0.1707155     -0.0007790      1.0006487      2.7235026      0.3005178      0.0298949      0.7443415      1.0214568     -0.9207599      4.9372669      7.5378379      0.2399411      0.0238929      0.4076453
      0.0026501      1.3302352      1.3324338      1.3335430      0.5412066      0.0244664      0.3155350     -0.0041132      1.0020322      2.7240482      0.6266991      0.0283911      1.3121353      1.0512756     -1.2904621      4.9573388      8.6400014      0.2001247      0.0479127      0.4052202
      0.0039766      1.9960984      1.9977871      2.0009319      0.8065223      0.0432371      0.4371264     -0.0118997      1.0040866      2.7147383      0.9776230      0.0278362      1.9977623      1.0549392     -1.6014369      4.8567984      9.7307340      0.1707372      0.0718451      0.4029060
      0.0053049      2.6628568      2.6593618      2.6661159      1.0655197      0.0670227      0.5397100     -0.0260679      1.0068244      2.7195585      1.3745853      0.0289592      2.6452681      1.0263719     -1.8031530      4.6136148     10.2587665      0.1491696      0.0951532      0.3969467
      0.0066356      3.3308094      3.3129203      3.3252413      1.3131682      0.0939114      0.6263857     -0.0474969      1.0102112      2.7178225      1.8227526      0.0318380      3.2604879      0.9687196     -1.8843965      4.2734098     10.0359023      0.1362717      0.1171887      0.3862484
      0.0079693      4.0002558      3.9533214      3.9734698      1.5439598      0.1232047      0.7001834     -0.0762843      1.0142345      2.7283659      2.3137959      0.0366806      3.8257309      0.8899345     -1.8696627      3.9003995      9.3075177      0.1315629      0.1373834      0.3718377
      0.0093065      4.6714960      4.5751958      4.6056206      1.7532553      0.1535601      0.7632866     -0.1113959      1.0188153      2.7332010      2.8315216      0.0429930      4.3253255      0.7987795     -1.7932670      3.5431042      8.3650274      0.1331987      0.1553557      0.3558070
      0.0106479      5.3448313      5.1735680      5.2167726      1.9379700      0.1848151      0.8178224     -0.1514963      1.0238998      2.7479045      3.3577583      0.0505114      4.7480959      0.7024883     -1.6838658      3.2284743      7.4055032      0.1387527      0.1709241      0.3402602
      0.0119941      6.0205635      5.7443274      5.8027344      2.0967684      0.2161258      0.8652405     -0.1947419      1.0293706      2.7571190      3.8756190      0.0586623      5.0884158      0.6062302     -1.5610965      2.9666737      6.5323158      0.1461582      0.1840790      0.3266583
      0.0133457      6.6989957      6.2844687      6.3603017      2.2297932      0.2475827      0.9069407     -0.2396104      1.0351536      2.7742209      4.3715899      0.0672281      5.3460825      0.5132613     -1.4367083      2.7576139      5.7833990      0.1540320      0.1949331      0.3156200
      0.0147032      7.3804321      6.7921640      6.8873592      2.3383484      0.2786300      0.9438106     -0.2844818      1.0411212      2.7862880      4.8358429      0.0757951      5.5253964      0.4254428     -1.3170590      2.5961686      5.1605130      0.1615942      0.2036781      0.3070529
      0.0160674      8.0651784      7.2666741      7.3828258      2.4244392      0.3094409      0.9767271     -0.3283407      1.0472076      2.8048194      5.2622455      0.0842736      5.6338113      0.3436730     -1.2051578      2.4754229      4.6501620      0.1684599      0.2105432      0.3004434
      0.0174387      8.7535415      7.7081892      7.8465286      2.4904888      0.3396224      1.0062082     -0.3701474      1.0532996      2.8188672      5.6476272      0.0923892      5.6806200      0.2682525     -1.1022156      2.3883064      4.2354126      0.1744738      0.2157680      0.2951552
      0.0188179      9.4458303      8.1176222      8.2790242      2.5390167      0.3693493      1.0327977     -0.4094851      1.0593567      2.8381905      5.9912219      0.1001548      5.6758394      0.1991239     -1.0083987      2.3284484      3.8997117      0.1795956      0.2195819      0.2906177
      0.0202055     10.1423551      8.4964156      8.6814252      2.5725178      0.3983226      1.0567931     -0.4458311      1.0652898      2.8534168      6.2938691      0.1073906      5.6293233      0.1360374     -0.9233206      2.2904054      3.6282847      0.1838573      0.2221963      0.2864020
      0.0216022     10.8434284      8.8463515      9.0552227      2.5932952      0.4266915      1.0785283     -0.4792076      1.0710872      2.8727819      6.5575715      0.1141712      5.5501803      0.0786467     -0.8463132      2.2697171      3.4085556      0.1873319      0.2237998      0.2822298
      0.0230086     11.5493645      9.1694090      9.4021495      2.6034516      0.4542217      1.0981718     -0.5094314      1.0766836      2.8882750      6.7850021      0.1203753      5.4464689      0.0265578     -0.7766462      2.2627352      3.2303129      0.1901171      0.2245584      0.2779575
      0.0244252     12.2604800      9.4676400      9.7240563      2.6048167      0.4810355      1.1159406     -0.5367692      1.0820913      2.9068798      6.9792628      0.1261129      5.3250398     -0.0206306     -0.7136205      2.2665484      3.0855446      0.1923101      0.2246159      0.2735247
      0.0258529     12.9770939      9.7430881     10.0228286      2.5989892      0.5069490      1.1319529     -0.5612093      1.0872635      2.9217891      7.1435620      0.1312995      5.1915341     -0.0633166     -0.6566014      2.2788029      2.9680399      0.1939977      0.2240947      0.2689251
      0.0272921     13.6995274      9.9977225     10.3003155      2.5873076      0.5320641      1.1463813     -0.5831031      1.0922294      2.9389452      7.2810581      0.1360584      5.0504413     -0.1018835     -0.6049788      2.2976206      2.8728516      0.1952522      0.2230962      0.2641860
      0.0287436     14.4281047     10.2334054     10.5582921      2.5709107      0.5562408      1.1593377     -0.6024943      1.0969539      2.9526051      7.3946945      0.1403230      4.9053949     -0.1367070     -0.5581568      2.3214594      2.7958925      0.1961351      0.2217044      0.2593642
      0.0302079     15.1631524     10.4518741     10.7984361      2.5507386      0.5795687      1.1709777     -0.6197309      1.1014761      2.9678320      7.4872015      0.1442143      4.7592722     -0.1681359     -0.5155646      2.3490722      2.7337396      0.1966891      0.2199886      0.2545168
      0.0316858     15.9050001     10.6547337     11.0223164      2.5275941      0.6019453      1.1814114     -0.6348645      1.1057680      2.9797925      7.5610732      0.1476744      4.6143638     -0.1964848     -0.4766957      2.3794231      2.6835850      0.1969453      0.2180072      0.2496968
      0.0331779     16.6539806     10.8434580     11.2313892      2.5021427      0.6234508      1.1907734     -0.6482125      1.1098738      2.9928086      7.6186164      0.1508172      4.4723928     -0.2220194     -0.4411234      2.4116674      2.6431775      0.1969343      0.2158097      0.2449388
      0.0346849     17.4104297     11.0193895     11.4269937      2.4749560      0.6440111      1.1991593     -0.6598245      1.1137697      3.0028244      7.6619264      0.1535935      4.3346192     -0.2449621     -0.4085071      2.4451004      2.6107927      0.1966856      0.2134388      0.2402583
      0.0362075     18.1746867     11.1837467     11.6103565      2.4465056      0.6636993      1.2066749     -0.6699784      1.1175021      3.0135163      7.6929020      0.1561102      4.2019336     -0.2654969     -0.3785728      2.4791524      2.5851007      0.1962285      0.2109312      0.2356552
      0.0377463     18.9470944     11.3376297     11.7825939      2.4171943      0.6824649      1.2133914     -0.6787129      1.1210489      3.0214711      7.7132171      0.1583237      4.0749014     -0.2837844     -0.3510866      2.5133362      2.5650078      0.1955886      0.2083173      0.2311232
      0.0393020     19.7279990     11.4820297     11.9447194      2.3873515      0.7003762      1.2193818     -0.6862638      1.1244560      3.0298248      7.7243473      0.1603301      3.9538567     -0.2999579     -0.3258327      2.5472399      2.5495662      0.1947889      0.2056220      0.2266501
      0.0408753     20.5177508     11.6178376     12.0976498      2.3572550      0.7174025      1.2246935     -0.6926618      1.1277018      3.0357091      7.7275715      0.1620886      3.8389838     -0.3141244     -0.3026031      2.5805199      2.5379304      0.1938501      0.2028671      0.2222284
      0.0424670     21.3167040     11.7458544     12.2422149      2.3271239      0.7336088      1.2293730     -0.6981073      1.1308307      3.0417955      7.7240144      0.1636842      3.7302845     -0.3263773     -0.2812024      2.6129160      2.5293964      0.1927948      0.2000720      0.2178648
      0.0440777     22.1252169     11.8667972     12.3791615      2.2971361      0.7489780      1.2334513     -0.7026246      1.1338210      3.0456652      7.7146569      0.1650785      3.6276903     -0.3368186     -0.2614622      2.6442358      2.5234266      0.1916415      0.1972544      0.2135781
      0.0457082     22.9436521     11.9813112     12.5091656      2.2674278      0.7635695      1.2369630     -0.7063838      1.1367148      3.0496047      7.7003640      0.1663474      3.5310459     -0.3455676     -0.2432507      2.6743288      2.5196307      0.1904004      0.1944293      0.2093801
      0.0473592     23.7723766     12.0899734     12.6328343      2.2381094      0.7773745      1.2399358     -0.7094008      1.1394900      3.0515812      7.6818675      0.1674553      3.4401729     -0.3527565     -0.2264623      2.7030494      2.5177338      0.1890765      0.1916088      0.2052854
      0.0490314     24.6117620     12.1933054     12.7507194      2.2092649      0.7904462      1.2423967     -0.7118133      1.1421859      3.0535583      7.6597815      0.1684674      3.3549055     -0.3585231     -0.2109839      2.7302814      2.5174773      0.1876771      0.1888012      0.2013081
      0.0507256     25.4621848     12.2917764     12.8633193      2.1809666      0.8027806      1.2443665     -0.7136288      1.1447800      3.0538248      7.6346206      0.1693482      3.2751348     -0.3629937     -0.1966895      2.7559503      2.5185759      0.1862149      0.1860122      0.1974540
      0.0524425     26.3240264     12.3858153     12.9710921      2.1532741      0.8144253      1.2458652     -0.7149654      1.1473093      3.0540497      7.6068520      0.1701542      3.2007087     -0.3662746     -0.1834674      2.7800491      2.5208046      0.1847069      0.1832467      0.1937194
      0.0541830     27.1976732     12.4758063     13.0744494      2.1262399      0.8253803      1.2469148     -0.7158304      1.1497517      3.0527718      7.5768974      0.1708536      3.1312238     -0.3684508     -0.1712337      2.8026193      2.5240540      0.1831669      0.1805098      0.1900892
      0.0559478     28.0835171     12.5620916     13.1737593      2.0999032      0.8356891      1.2475410     -0.7163243      1.1521419      3.0514109      7.5451317      0.1714968      3.0661741     -0.3695996     -0.1599188      2.8237148      2.5282349      0.1816045      0.1778062      0.1865410
      0.0577376     28.9819553     12.6449739     13.2693474      2.0742920      0.8453557      1.2477783     -0.7164424      1.1544579      3.0487284      7.5118661      0.1720534      3.0052452     -0.3697973     -0.1494639      2.8433641      2.5332684      0.1800177      0.1751402      0.1830633
      0.0595534     29.8933908     12.7247307     13.3615139      2.0494181      0.8544210      1.2476612     -0.7162577      1.1567322      3.0459184      7.4773668      0.1725675      2.9484170     -0.3691295     -0.1398257      2.8615889      2.5391282      0.1784061      0.1725157      0.1796521
      0.0613959     30.8182322     12.8016192     13.4505383      2.0252845      0.8628922      1.2472278     -0.7157545      1.1589432      3.0419197      7.4418366      0.1730115      2.8957478     -0.3676763     -0.1309602      2.8784098      2.5457974      0.1767663      0.1699369      0.1763156
      0.0632659     31.7568944     12.8758810     13.5366844      2.0018899      0.8708068      1.2465139     -0.7149955      1.1611214      3.0377508      7.4054203      0.1734236      2.8472372     -0.3655164     -0.1228006      2.8938648      2.5531736      0.1750892      0.1674084      0.1730806
      0.0651642     32.7097982     12.9477395     13.6201972      1.9792371      0.8781742      1.2455575     -0.7139700      1.1632459      3.0325241      7.3682513      0.1737764      2.8028005     -0.3627236     -0.1152698      2.9079673      2.5610935      0.1733704      0.1649356      0.1699643
      0.0670918     33.6773711     13.0174034     13.7013066      1.9573304      0.8850310      1.2443846     -0.7127364      1.1653453      3.0271098      7.3305192      0.1741043      2.7624918     -0.3593677     -0.1083012      2.9206881      2.5694176      0.1716250      0.1625211      0.1669804
      0.0690495     34.6600469     13.0850714     13.7802327      1.9361750      0.8913888      1.2430212     -0.7112829      1.1673999      3.0207754      7.2924586      0.1743858      2.7264799     -0.3555131     -0.1018566      2.9319798      2.5780719      0.1698654      0.1601648      0.1641580
      0.0710381     35.6582664     13.1509344     13.8571882      1.9157813      0.8972809      1.2414910     -0.7096630      1.1694368      3.0142438      7.2543183      0.1746534      2.6948504     -0.3512368     -0.0959290      2.9418066      2.5869467      0.1680886      0.1578680      0.1615006
      0.0730586     36.6724772     13.2151714     13.9323736      1.8961654      0.9027169      1.2398186     -0.7078686      1.1714365      3.0068839      7.2163089      0.1748873      2.6674364     -0.3465959     -0.0905351      2.9500967      2.5959352      0.1662881      0.1556329      0.1589679
      0.0751119     37.7031340     13.2779453     14.0059716      1.8773391      0.9077268      1.2380195     -0.7059483      1.1734240      2.9992991      7.1785757      0.1751166      2.6438492     -0.3416110     -0.0856949      2.9567530      2.6050900      0.1644688      0.1534588      0.1565228
      0.0771989     38.7506992     13.3393992     14.0781432      1.8593015      0.9123219      1.2361174     -0.7038917      1.1753804      2.9910087      7.1411490      0.1753216      2.6235426     -0.3362707     -0.0813651      2.9617018      2.6143571      0.1626292      0.1513430      0.1541506
      0.0793204     39.8156426     13.3996551     14.1490255      1.8420397      0.9165324      1.2341339     -0.7017435      1.1773281      2.9825432      7.1039667      0.1755220      2.6058168     -0.3305540     -0.0774422      2.9650060      2.6234938      0.1607665      0.1492831      0.1518460
      0.0814776     40.8984416     13.4588129     14.2187305      1.8255307      0.9203700      1.2320801     -0.6994932      1.1792487      2.9735223      7.0669670      0.1756961      2.5901049     -0.3244511     -0.0738207      2.9669152      2.6322102      0.1588882      0.1472791      0.1496105
      0.0836713     41.9995820     13.5169601     14.2873561      1.8097355      0.9238617      1.2299381     -0.6971715      1.1811636      2.9643868      7.0301745      0.1758643      2.5762886     -0.3179810     -0.0704603      2.9676325      2.6403730      0.1570072      0.1453314      0.1474575
      0.0859025     43.1195575     13.5741794     14.3549956      1.7946029      0.9270155      1.2276769     -0.6947564      1.1830560      2.9548350      6.9936547      0.1760122      2.5643832     -0.3111483     -0.0673883      2.9671682      2.6480773      0.1551417      0.1434381      0.1453920
      0.0881722     44.2588703     13.6305475     14.4217355      1.7800806      0.9298537      1.2252590     -0.6922715      1.1849462      2.9451905      6.9574705      0.1761621      2.5540753     -0.3040018     -0.0646560      2.9655912      2.6555147      0.1533049      0.1415951      0.1433970
      0.0904815     45.4180315     13.6861272     14.4876464      1.7661304      0.9323828      1.2226598     -0.6896986      1.1868179      2.9352131      6.9216494      0.1763020      2.5448937     -0.2966545     -0.0623068      2.9630105      2.6629055      0.1515069      0.1397996      0.1414520
      0.0928313     46.5975608     13.7409713     14.5527878      1.7527207      0.9346229      1.2198664     -0.6870627      1.1886892      2.9251512      6.8861551      0.1764502      2.5366794     -0.2892002     -0.0603534      2.9594269      2.6703663      0.1497475      0.1380500      0.1395528
      0.0952228     47.7979872     13.7951330     14.6172194      1.7398104      0.9365762      1.2168865     -0.6843424      1.1905441      2.9148171      6.8507861      0.1765857      2.5299479     -0.2816806     -0.0586844      2.9547635      2.6776663      0.1479902      0.1363461      0.1377152
      0.0976570     49.0198492     13.8486786     14.6810175      1.7273435      0.9382560      1.2137255     -0.6815519      1.1923999      2.9043399      6.8152917      0.1767118      2.5254237     -0.2741587     -0.0570865      2.9491708      2.6843377      0.1462260      0.1346832      0.1359715
      0.1001350     50.2636945     13.9016785     14.7442634      1.7152672      0.9396617      1.2103909     -0.6786805      1.1942444      2.8935683      6.7796977      0.1768154      2.5228291     -0.2667618     -0.0554984      2.9429893      2.6902714      0.1444810      0.1330523      0.1342968
      0.1026579     51.5300811     13.9541827     14.8070148      1.7035487      0.9408071      1.2069058     -0.6757656      1.1960966      2.8826065      6.7443056      0.1769223      2.5209414     -0.2596335     -0.0540258      2.9365339      2.6956466      0.1427793      0.1314512      0.1326248
      0.1052268     52.8195768     14.0062162     14.8693001      1.6921766      0.9416980      1.2033320     -0.6728045      1.1979448      2.8714255      6.7094111      0.1770325      2.5191196     -0.2528695     -0.0527972      2.9299948      2.7006357      0.1411148      0.1298857      0.1309304
      0.1078429     54.1327600     14.0578054     14.9311490      1.6811345      0.9423588      1.1997503     -0.6698079      1.1998037      2.8600806      6.6751222      0.1771647      2.5182034     -0.2465219     -0.0518742      2.9234520      2.7052471      0.1394839      0.1283564      0.1292938
      0.1105074     55.4702196     14.1089994     14.9926193      1.6703943      0.9428013      1.1962323     -0.6667414      1.2016603      2.8485693      6.6414744      0.1773089      2.5193730     -0.2405650     -0.0512502      2.9169921      2.7094886      0.1378869      0.1268613      0.1277387
      0.1132214     56.8325553     14.1598610     15.0537852      1.6599307      0.9430464      1.1928037     -0.6636088      1.2035288      2.8368785      6.6085348      0.1774763      2.5228940     -0.2349551     -0.0508824      2.9107205      2.7133555      0.1363271      0.1253986      0.1262142
      0.1159862     58.2203781     14.2104489     15.1147164      1.6497328      0.9431017      1.1894558     -0.6603996      1.2053967      2.8250674      6.5763366      0.1776565      2.5284829     -0.2296568     -0.0507284      2.9044644      2.7169462      0.1347776      0.1239656      0.1246937
      0.1188030     59.6343104     14.2608148     15.1754746      1.6397908      0.9429871      1.1861505     -0.6571464      1.2072756      2.8131617      6.5448608      0.1778600      2.5359310     -0.2246088     -0.0507616      2.8977271      2.7203544      0.1332154      0.1225622      0.1231970
      0.1216731     61.0749863     14.3110037     15.2361135      1.6300816      0.9427088      1.1828251     -0.6538580      1.2091539      2.8013061      6.5140737      0.1780795      2.5447028     -0.2196773     -0.0509799      2.8901226      2.7236665      0.1316709      0.1211903      0.1217507
      0.1245978     62.5430519     14.3610453     15.2966689      1.6205800      0.9422818      1.1794185     -0.6505522      1.2110444      2.7894743      6.4839413      0.1783256      2.5542116     -0.2148032     -0.0513126      2.8818517      2.7270191      0.1301849      0.1198507      0.1203589
      0.1275784     64.0391655     14.4109633     15.3571690      1.6112728      0.9417030      1.1759182     -0.6472003      1.2129389      2.7777891      6.4543511      0.1785855      2.5644516     -0.2101095     -0.0515449      2.8736834      2.7304535      0.1287795      0.1185446      0.1190055
      0.1306161     65.5639981     14.4607831     15.4176451      1.6021505      0.9409733      1.1723455     -0.6437978      1.2148493      2.7661316      6.4251287      0.1788607      2.5757045     -0.2057645     -0.0515119      2.8661337      2.7336040      0.1273994      0.1172751      0.1176805
      0.1337125     67.1182335     14.5105304     15.4781282      1.5931902      0.9400786      1.1687183     -0.6403423      1.2167669      2.7546094      6.3962185      0.1791425      2.5873041     -0.2017431     -0.0513348      2.8591563      2.7363868      0.1259889      0.1160364      0.1164227
      0.1368688     68.7025687     14.5602089     15.5386235      1.5843815      0.9390184      1.1650341     -0.6368615      1.2187006      2.7430588      6.3676317      0.1794377      2.5985095     -0.1979846     -0.0511071      2.8530016      2.7389876      0.1245652      0.1148157      0.1152385
      0.1400864     70.3177142     14.6098264     15.5991404      1.5757409      0.9377891      1.1612902     -0.6333328      1.2206420      2.7316004      6.3394019      0.1797388      2.6104142     -0.1945678     -0.0508357      2.8481124      2.7412483      0.1231345      0.1136049      0.1140668
      0.1433669     71.9643944     14.6594200     15.6597251      1.5672624      0.9364137      1.1574884     -0.6297332      1.2226000      2.7200830      6.3115598      0.1800557      2.6247561     -0.1916206     -0.0505940      2.8446266      2.7431229      0.1216960      0.1124043      0.1128889
      0.1467117     73.6433478     14.7090459     15.7204464      1.5589060      0.9349085      1.1536288     -0.6260260      1.2245666      2.7086331      6.2841412      0.1803856      2.6412777     -0.1892334     -0.0504279      2.8424082      2.7443626      0.1202826      0.1112189      0.1117039
      0.1501223     75.3553272     14.7587339     15.7813420      1.5506456      0.9333004      1.1497009     -0.6222331      1.2265491      2.6970599      6.2572308      0.1807411      2.6584362     -0.1874778     -0.0504945      2.8410732      2.7453795      0.1188785      0.1100495      0.1105205
      0.1536002     77.1011004     14.8084943     15.8424251      1.5425071      0.9315953      1.1456988     -0.6183644      1.2285393      2.6854810      6.2307306      0.1811179      2.6756637     -0.1863513     -0.0508304      2.8404122      2.7466394      0.1174719      0.1088958      0.1093616
      0.1571470     78.8814504     14.8583346     15.9037057      1.5345126      0.9298160      1.1415929     -0.6144383      1.2305443      2.6738160      6.2042993      0.1814957      2.6932418     -0.1857346     -0.0511489      2.8401756      2.7475142      0.1160890      0.1077538      0.1082402
      0.1607643     80.6971755     14.9082673     15.9652005      1.5266384      0.9279695      1.1373700     -0.6104591      1.2325622      2.6622219      6.1779639      0.1818701      2.7111099     -0.1853618     -0.0512990      2.8397150      2.7483829      0.1147575      0.1066215      0.1071404
      0.1644537     82.5490900     14.9582954     16.0269144      1.5188525      0.9260913      1.1330502     -0.6064980      1.2346028      2.6506727      6.1521157      0.1822574      2.7286479     -0.1850621     -0.0512552      2.8389312      2.7494902      0.1135206      0.1055052      0.1060338
      0.1682168     84.4380245     15.0084139     16.0888423      1.5111323      0.9241848      1.1286615     -0.6025533      1.2366613      2.6392617      6.1268162      0.1826640      2.7456196     -0.1849039     -0.0511892      2.8384821      2.7509886      0.1123291      0.1044074      0.1048876
      0.1720554     86.3648260     15.0586202     16.1509829      1.5033905      0.9222794      1.1241784     -0.5986196      1.2387453      2.6279862      6.1018046      0.1830880      2.7629324     -0.1847970     -0.0510959      2.8386144      2.7530913      0.1111874      0.1033318      0.1037378
      0.1759711     88.3303587     15.1089300     16.2133569      1.4954920      0.9203625      1.1196211     -0.5946916      1.2408534      2.6168875      6.0772069      0.1835305      2.7803376     -0.1845752     -0.0507832      2.8387711      2.7551161      0.1101004      0.1022775      0.1026522
      0.1799657     90.3355039     15.1593466     16.2759704      1.4873839      0.9184457      1.1150700     -0.5907955      1.2429887      2.6060260      6.0535545      0.1840122      2.7992375     -0.1844017     -0.0502881      2.8384366      2.7569908      0.1090770      0.1012440      0.1015813
      0.1840411     92.3811610     15.2099358     16.3389066      1.4790843      0.9165098      1.1106434     -0.5868615      1.2451416      2.5954519      6.0309779      0.1845425      2.8228751     -0.1846800     -0.0497835      2.8380504      2.7585160      0.1080467      0.1002290      0.1005855
      0.1881990     94.4682473     15.2607834     16.4022744      1.4707212      0.9145574      1.1064324     -0.5828842      1.2473137      2.5851407      6.0092214      0.1851098      2.8503117     -0.1856376     -0.0493006      2.8382032      2.7590675      0.1069336      0.0992270      0.0996905
      0.1924412     96.5976989     15.3119335     16.4661305      1.4625049      0.9125773      1.1023859     -0.5788692      1.2495038      2.5750448      5.9884822      0.1857294      2.8790247     -0.1874142     -0.0490824      2.8390636      2.7586790      0.1058054      0.0982384      0.0987850
      0.1967698     98.7704705     15.3633960     16.5304900      1.4546129      0.9105775      1.0984164     -0.5749479      1.2517144      2.5652188      5.9689989      0.1864078      2.9077599     -0.1900150     -0.0490762      2.8400019      2.7579246      0.1047694      0.0972618      0.0978691
      0.2011866    100.9875368     15.4151550     16.5953352      1.4471684      0.9085230      1.0945024     -0.5711660      1.2539428      2.5554494      5.9507070      0.1871570      2.9335801     -0.1932083     -0.0493558      2.8404019      2.7576300      0.1038336      0.0963078      0.0969121
      0.2056937    103.2498919     15.4671367     16.6605759      1.4402316      0.9063959      1.0906228     -0.5675140      1.2561947      2.5456720      5.9329135      0.1879600      2.9556328     -0.1968190     -0.0498436      2.8409492      2.7581403      0.1029329      0.0953772      0.0959018
      0.2102930    105.5585504     15.5193045     16.7261682      1.4336582      0.9041577      1.0867651     -0.5638443      1.2584751      2.5356061      5.9152579      0.1888038      2.9765144     -0.2006512     -0.0503916      2.8415924      2.7580451      0.1020558      0.0944709      0.0948612
      0.2149866    107.9145477     15.5716716     16.7921314      1.4272509      0.9018093      1.0829512     -0.5601502      1.2607874      2.5252859      5.8977169      0.1896732      3.0016109     -0.2050655     -0.0509157      2.8415532      2.7576938      0.1011636      0.0935899      0.0939246
      0.2197766    110.3189403     15.6243596     16.8586214      1.4209773      0.8993432      1.0791722     -0.5563867      1.2631264      2.5147410      5.8803001      0.1905617      3.0340897     -0.2100681     -0.0509956      2.8399211      2.7572912      0.1002230      0.0927337      0.0931014
      0.2246652    112.7728064     15.6774612     16.9257584      1.4149205      0.8967431      1.0753589     -0.5525734      1.2654974      2.5040701      5.8630231      0.1914571      3.0692624     -0.2154217     -0.0503229      2.8374130      2.7568346      0.0993019      0.0918898      0.0923167
      0.2296545    115.2772467     15.7309784     16.9935488      1.4090740      0.8939803      1.0715395     -0.5487143      1.2679106      2.4932469      5.8462247      0.1923868      3.1028829     -0.2212263     -0.0490151      2.8343574      2.7564318      0.0983790      0.0910457      0.0914623
      0.2347468    117.8333841     15.7848891     17.0619693      1.4032586      0.8910431      1.0678597     -0.5447949      1.2703776      2.4823998      5.8300119      0.1933459      3.1375059     -0.2272838     -0.0469613      2.8301681      2.7552186      0.0974083      0.0901912      0.0906378
      0.2399444    120.4423651     15.8392390     17.1310829      1.3973631      0.8879466      1.0643609     -0.5407289      1.2729072      2.4716780      5.8148101      0.1943484      3.1740865     -0.2330758     -0.0440391      2.8263608      2.7523245      0.0964454      0.0893273      0.0898116
      0.2452496    123.1053596     15.8940413     17.2009122      1.3913995      0.8847021      1.0609650     -0.5365308      1.2754982      2.4610000      5.8010426      0.1954147      3.2128557     -0.2383182     -0.0406637      2.8242634      2.7489895      0.0954655      0.0884610      0.0889432
      0.2506648    125.8235618     15.9493665     17.2715525      1.3853083      0.8813393      1.0575406     -0.5321062      1.2781406      2.4506755      5.7878060      0.1965215      3.2570805     -0.2432283     -0.0366393      2.8232729      2.7470002      0.0945085      0.0876101      0.0879920
      0.2561924    128.5981909     16.0052922     17.3431085      1.3788693      0.8778583      1.0539241     -0.5274920      1.2808276      2.4405129      5.7738021      0.1976098      3.3039571     -0.2476506     -0.0318820      2.8220331      2.7455537      0.0936302      0.0867771      0.0870241
      0.2618349    131.4304911     16.0618140     17.4155800      1.3720046      0.8743057      1.0500538     -0.5226780      1.2835442      2.4309380      5.7579605      0.1986564      3.3482038     -0.2519570     -0.0265940      2.8216734      2.7447039      0.0927690      0.0859672      0.0860682
      0.2675948    134.3217325     16.1189014     17.4889324      1.3647917      0.8706873      1.0459625     -0.5176935      1.2862870      2.4214099      5.7396013      0.1996368      3.3964319     -0.2559324     -0.0208393      2.8217871      2.7436615      0.0919505      0.0851791      0.0851738
      0.2734747    137.2732119     16.1766660     17.5633147      1.3571477      0.8670476      1.0417676     -0.5124699      1.2890711      2.4122808      5.7187304      0.2005647      3.4457991     -0.2591077     -0.0150960      2.8210475      2.7430975      0.0911168      0.0844102      0.0843088
      0.2794772    140.2862527     16.2350050     17.6386002      1.3492077      0.8633941      1.0373679     -0.5071546      1.2918952      2.4027216      5.6957862      0.2014476      3.4889799     -0.2618213     -0.0094278      2.8207702      2.7433003      0.0903172      0.0836576      0.0834816
      0.2856051    143.3622063     16.2938629     17.7147227      1.3411742      0.8597787      1.0326619     -0.5017490      1.2947572      2.3936662      5.6713589      0.2023191      3.5303406     -0.2646744     -0.0043049      2.8230824      2.7433238      0.0896358      0.0829119      0.0827551
      0.2918611    146.5024520     16.3531764     17.7916055      1.3330800      0.8561420      1.0278018     -0.4963292      1.2976637      2.3840009      5.6461405      0.2031866      3.5634483     -0.2676776      0.0008655      2.8261520      2.7429826      0.0890089      0.0821765      0.0819558
      0.2982480    149.7083981     16.4127610     17.8690143      1.3246251      0.8524043      1.0231583     -0.4907791      1.3006167      2.3745978      5.6205274      0.2040793      3.5877449     -0.2702785      0.0054308      2.8280281      2.7411825      0.0882261      0.0814475      0.0811770
      0.3047686    152.9814825     16.4725939     17.9469235      1.3159230      0.8485799      1.0188465     -0.4851919      1.3036128      2.3643983      5.5952743      0.2050114      3.6210219     -0.2727347      0.0098195      2.8314644      2.7390102      0.0873345      0.0807258      0.0805397
      0.3114259    156.3231728     16.5328771     18.0256014      1.3072463      0.8447171      1.0146292     -0.4795398      1.3066636      2.3548283      5.5704788      0.2059963      3.6585746     -0.2759720      0.0149051      2.8398988      2.7376737      0.0863894      0.0800239      0.0799342
      0.3182228    159.7349678     16.5935126     18.1049257      1.2988938      0.8408121      1.0097661     -0.4739489      1.3097675      2.3446644      5.5464392      0.2070357      3.6889011     -0.2806178      0.0200066      2.8507727      2.7356035      0.0855148      0.0793207      0.0791603
      0.3251625    163.2183975     16.6545153     18.1849205      1.2909204      0.8368758      1.0037288     -0.4682123      1.3128970      2.3352089      5.5235047      0.2081609      3.7324483     -0.2865009      0.0246772      2.8622550      2.7340632      0.0848530      0.0786078      0.0783762
      0.3322480    166.7750241     16.7162351     18.2660499      1.2832255      0.8327675      0.9968534     -0.4623892      1.3160609      2.3246418      5.5010251      0.2093148      3.7966399     -0.2936196      0.0296216      2.8741359      2.7333288      0.0841577      0.0778982      0.0777383
      0.3394825    170.4064425     16.7788517     18.3485575      1.2754958      0.8284010      0.9894516     -0.4565542      1.3192681      2.3137317      5.4775123      0.2104617      3.8622266     -0.3021888      0.0349485      2.8872614      2.7346143      0.0834911      0.0771943      0.0771217
      0.3468692    174.1142814     16.8422518     18.4323028      1.2674289      0.8236834      0.9818733     -0.4505938      1.3225324      2.3006512      5.4520849      0.2115504      3.9171677     -0.3117152      0.0407595      2.8984002      2.7372193      0.0828028      0.0764595      0.0764660
      0.3544115    177.9002035     16.9062481     18.5170474      1.2590508      0.8185650      0.9746423     -0.4443482      1.3258886      2.2863305      5.4265074      0.2126641      3.9591724     -0.3208082      0.0468395      2.9073323      2.7386250      0.0818488      0.0756756      0.0756453
      0.3621127    181.7659066     16.9706830     18.6025921      1.2501978      0.8132023      0.9674470     -0.4379479      1.3293425      2.2701139      5.4013420      0.2138131      4.0032699     -0.3294450      0.0530879      2.9178451      2.7387874      0.0808744      0.0748911      0.0748501
      0.3699763    185.7131244     17.0357092     18.6891486      1.2405335      0.8077206      0.9600755     -0.4311884      1.3328616      2.2537710      5.3780066      0.2150648      4.0536089     -0.3377272      0.0601979      2.9330855      2.7374975      0.0800545      0.0741246      0.0741619
      0.3780059    189.7436271     17.1012198     18.7765820      1.2300959      0.8021173      0.9528849     -0.4240627      1.3364258      2.2363802      5.3546699      0.2162883      4.0854664     -0.3457680      0.0685122      2.9504528      2.7339053      0.0791833      0.0733443      0.0734458
      0.3862049    193.8592221     17.1668077     18.8643544      1.2190057      0.7963221      0.9456613     -0.4166887      1.3400594      2.2183772      5.3292562      0.2174461      4.0918482     -0.3538629      0.0778286      2.9676965      2.7304490      0.0782019      0.0725256      0.0726062
      0.3945772    198.0617552     17.2321870     18.9520871      1.2076834      0.7905097      0.9383807     -0.4092793      1.3437446      2.1997839      5.3034467      0.2185588      4.0908013     -0.3602388      0.0882343      2.9801540      2.7305383      0.0771173      0.0716809      0.0716059
      0.4031264    202.3531110     17.2973576     19.0397811      1.1957222      0.7847752      0.9304386     -0.4019058      1.3474701      2.1819337      5.2781588      0.2197252      4.0907561     -0.3642898      0.0985541      2.9913110      2.7323382      0.0762589      0.0707850      0.0706893
      0.4118564    206.7352140     17.3622624     19.1273600      1.1830534      0.7791489      0.9222255     -0.3947264      1.3512153      2.1644180      5.2535763      0.2209019      4.0828600     -0.3674925      0.1089874      3.0029382      2.7332572      0.0755374      0.0699071      0.0698708
      0.4207711    211.2100294     17.4267254     19.2145845      1.1702179      0.7732192      0.9146255     -0.3875693      1.3549765      2.1459360      5.2291125      0.2220689      4.0605013     -0.3715670      0.1203876      3.0143942      2.7336700      0.0746142      0.0690321      0.0689055
      0.4298745    215.7795639     17.4905897     19.3012416      1.1574503      0.7669244      0.9067029     -0.3805599      1.3588095      2.1267446      5.2043510      0.2232640      4.0403560     -0.3748620      0.1304421      3.0213863      2.7337423      0.0735847      0.0681260      0.0678823
      0.4391706    220.4458670     17.5541391     19.3877171      1.1443837      0.7603113      0.8975775     -0.3733528      1.3627100      2.1070522      5.1785882      0.2245082      4.0500370     -0.3770579      0.1393956      3.0228005      2.7347872      0.0726505      0.0672296      0.0668076
      0.4486638    225.2110310     17.6179217     19.4747600      1.1315083      0.7535499      0.8876450     -0.3661760      1.3666543      2.0882647      5.1523943      0.2257888      4.0947962     -0.3819543      0.1466577      3.0223846      2.7331649      0.0718251      0.0663494      0.0658745
      0.4583581    230.0771932     17.6824734     19.5631091      1.1192021      0.7464699      0.8774917     -0.3589745      1.3706559      2.0697482      5.1250073      0.2270710      4.1800612     -0.3887931      0.1547344      3.0278421      2.7323332      0.0708722      0.0654844      0.0649562
      0.4682580    235.0465357     17.7484104     19.6536214      1.1070451      0.7390990      0.8670124     -0.3520895      1.3747648      2.0520988      5.1000674      0.2284343      4.2918279     -0.3970675      0.1662469      3.0385322      2.7320929      0.0699402      0.0646176      0.0640546
      0.4783679    240.1212871     17.8158541     19.7464842      1.0946896      0.7314034      0.8573783     -0.3450659      1.3790194      2.0357384      5.0759123      0.2299059      4.3999052     -0.4065990      0.1795342      3.0460375      2.7330140      0.0688644      0.0637777      0.0629989
      0.4886923    245.3037232     17.8848268     19.8417492      1.0817104      0.7237452      0.8484127     -0.3378253      1.3833793      2.0207823      5.0502434      0.2313807      4.5362997     -0.4173948      0.1938463      3.0514274      2.7371483      0.0679293      0.0629319      0.0621823
      0.4992359    250.5961681     17.9559708     19.9403281      1.0683467      0.7159716      0.8392018     -0.3304938      1.3878714      2.0069606      5.0235841      0.2329393      4.6942448     -0.4290488      0.2075095      3.0523764      2.7420953      0.0669891      0.0620964      0.0614202
      0.5100033    256.0009953     18.0291371     20.0420426      1.0543254      0.7080098      0.8299156     -0.3230680      1.3924941      1.9933586      4.9979468      0.2346051      4.8398854     -0.4410531      0.2216780      3.0521957      2.7476785      0.0659890      0.0612639      0.0605469
      0.5209995    261.5206286     18.1041809     20.1467173      1.0394362      0.6999604      0.8209270     -0.3152293      1.3972022      1.9785884      4.9688724      0.2361861      4.9695813     -0.4525158      0.2361697      3.0505736      2.7565084      0.0649107      0.0603730      0.0596557
      0.5322293    267.1575433     18.1805490     20.2536051      1.0236904      0.6917134      0.8119864     -0.3071639      1.4020769      1.9627955      4.9363163      0.2377357      5.0380847     -0.4605103      0.2488276      3.0431308      2.7629604      0.0639081      0.0594205      0.0586608
      0.5436978    272.9142675     18.2571899     20.3612559      1.0071708      0.6833368      0.8028028     -0.2984295      1.4071464      1.9459374      4.8996557      0.2391110      5.0623885     -0.4692331      0.2654123      3.0343003      2.7752074      0.0628092      0.0584685      0.0577364
      0.5554101    278.7933827     18.3339186     20.4694239      0.9898665      0.6746332      0.7932684     -0.2891988      1.4123474      1.9277342      4.8584882      0.2402669      5.0896808     -0.4799921      0.2832897      3.0360496      2.7852717      0.0615472      0.0574965      0.0568076
      0.5673715    284.7975255     18.4105923     20.5779155      0.9722257      0.6656471      0.7820078     -0.2797468      1.4176092      1.9075848      4.8182066      0.2414706      5.0773647     -0.4939076      0.3009796      3.0475659      2.7930920      0.0603779      0.0564430      0.0557298
      0.5795874    290.9293884     18.4864287     20.6856242      0.9546748      0.6563114      0.7690482     -0.2700674      1.4229446      1.8868800      4.7779424      0.2427107      5.0434365     -0.5082064      0.3184607      3.0591425      2.8049695      0.0592049      0.0553662      0.0546239
      0.5920632    297.1917215     18.5617334     20.7929798      0.9373752      0.6464020      0.7561576     -0.2600279      1.4282884      1.8640978      4.7368208      0.2438108      5.0432848     -0.5247112      0.3367435      3.0769506      2.8129684      0.0578401      0.0542789      0.0535758
      0.6048045    303.5873331     18.6368259     20.9004364      0.9215273      0.6357889      0.7430438     -0.2497209      1.4336933      1.8398387      4.6945216      0.2449311      5.0432980     -0.5425173      0.3520630      3.1009042      2.8144283      0.0564644      0.0531169      0.0521921
      0.6178170    310.1190913     18.7115817     21.0078205      0.9054554      0.6253604      0.7288104     -0.2394427      1.4392334      1.8149288      4.6499671      0.2459748      5.0607145     -0.5627614      0.3677641      3.1353242      2.8200159      0.0553207      0.0519212      0.0510269
      0.6311066    316.7899255     18.7863357     21.1156190      0.8877581      0.6148065      0.7142455     -0.2295701      1.4448512      1.7917110      4.5960200      0.2465926      5.0430466     -0.5860706      0.3846774      3.1849383      2.8363178      0.0541125      0.0507079      0.0498019
      0.6446792    323.6028272     18.8599385     21.2221723      0.8695798      0.6041948      0.6989954     -0.2201988      1.4505132      1.7687531      4.5413973      0.2470556      4.9821724     -0.6136190      0.4061018      3.2422026      2.8540921      0.0529803      0.0494753      0.0485673
      0.6585409    330.5608516     18.9328231     21.3281022      0.8519723      0.5929906      0.6833054     -0.2107907      1.4562674      1.7434454      4.4892218      0.2475002      4.9908042     -0.6457132      0.4341535      3.3102465      2.8846056      0.0516170      0.0482590      0.0473768
      0.6726980    337.6671193     19.0061977     21.4351738      0.8342991      0.5808050      0.6680863     -0.2010517      1.4622261      1.7132379      4.4320872      0.2477350      5.0949676     -0.6795873      0.4622804      3.3917802      2.9159951      0.0501436      0.0469176      0.0461968
      0.6871567    344.9248171     19.0810728     21.5448892      0.8160301      0.5679457      0.6526233     -0.1910031      1.4683972      1.6824865      4.3754993      0.2479531      5.2109996     -0.7204522      0.4929410      3.4970937      2.9530965      0.0486163      0.0455939      0.0450799
      0.7019236    352.3371997     19.1565700     21.6559867      0.7974343      0.5542356      0.6342745     -0.1808068      1.4746937      1.6489857      4.3136313      0.2478699      5.2078034     -0.7594800      0.5238874      3.5952700      2.9866565      0.0470741      0.0442758      0.0436464
      0.7170053    359.9075914     19.2310552     21.7660670      0.7760869      0.5405741      0.6153759     -0.1702456      1.4810680      1.6172277      4.2479752      0.2476162      5.1728714     -0.7984136      0.5532020      3.6976757      3.0203475      0.0454233      0.0428791      0.0424225
      0.7324085    367.6393871     19.3049081     21.8756860      0.7520569      0.5262640      0.5976752     -0.1596094      1.4875118      1.5841163      4.1827726      0.2472044      5.1082577     -0.8410442      0.5871376      3.8066991      3.0646100      0.0436261      0.0414601      0.0410548
      0.7481402    375.5360542     19.3768325     21.9829077      0.7266132      0.5119482      0.5784091     -0.1488764      1.4939985      1.5493421      4.1130982      0.2463465      4.9968735     -0.8836547      0.6263593      3.9108901      3.1221705      0.0419187      0.0399672      0.0395657
      0.7642074    383.6011342     19.4473067     22.0884253      0.6998975      0.4976271      0.5574120     -0.1384536      1.5005069      1.5133706      4.0389205      0.2450340      4.9399520     -0.9252037      0.6680830      4.0064076      3.1754910      0.0403373      0.0384515      0.0382202
      0.7806173    391.8382439     19.5169309     22.1931274      0.6719706      0.4825546      0.5339182     -0.1279331      1.5071253      1.4774222      3.9659171      0.2436773      4.9257575     -0.9597266      0.7155749      4.0611622      3.2414368      0.0385209      0.0367990      0.0367542
      0.7973773    400.2510775     19.5859518     22.2973822      0.6439124      0.4670944      0.5098055     -0.1178595      1.5138371      1.4403527      3.8908036      0.2421071      4.8638367     -1.0028622      0.7657613      4.1414905      3.3165221      0.0366576      0.0350437      0.0351773
      0.8144948    408.8434087     19.6529812     22.3990814      0.6175136      0.4509098      0.4854483     -0.1078183      1.5206313      1.4030570      3.8076528      0.2399756      4.7051253     -1.0566414      0.8191567      4.2775630      3.4035225      0.0347650      0.0333373      0.0335660
      0.8319777    417.6190925     19.7171398     22.4968643      0.5903459      0.4340216      0.4610789     -0.0979702      1.5275290      1.3611687      3.7207113      0.2372808      4.4953675     -1.1197592      0.8815788      4.4614344      3.5009256      0.0328220      0.0315829      0.0319058
      0.8498337    426.5820692     19.7778743     22.5898477      0.5631831      0.4167532      0.4358729     -0.0887133      1.5344349      1.3182105      3.6204997      0.2337025      4.2596505     -1.1933648      0.9470672      4.7163989      3.5999617      0.0308882      0.0298231      0.0302522
      0.8680708    435.7363694     19.8352602     22.6780961      0.5347650      0.3990940      0.4101020     -0.0799936      1.5411797      1.2715457      3.5088216      0.2291357      4.0730385     -1.2768732      1.0153303      5.0344527      3.7093465      0.0288558      0.0280810      0.0285866
      0.8866973    445.0861237     19.8902069     22.7629558      0.5052037      0.3815270      0.3856706     -0.0718783      1.5476179      1.2273684      3.3958793      0.2240926      3.9096680     -1.3878113      1.0956281      5.5267971      3.8627896      0.0268164      0.0263567      0.0269208
      0.9057217    454.6355787     19.9422943     22.8437328      0.4760644      0.3643336      0.3620088     -0.0640607      1.5539740      1.1870533      3.2756321      0.2182678      3.6889562     -1.5144616      1.1893119      6.1009387      4.0711248      0.0250114      0.0246131      0.0252881
      0.9251526    464.3891242     19.9910383     22.9196330      0.4475233      0.3468303      0.3388759     -0.0565108      1.5602644      1.1466446      3.1490350      0.2116270      3.4832750     -1.6433948      1.3052835      6.7488426      4.3941496      0.0231940      0.0228719      0.0236280
      0.9449993    474.3513367     20.0368571     22.9912614      0.4180398      0.3292781      0.3150916     -0.0492173      1.5663303      1.1095673      3.0126088      0.2040968      3.2280572     -1.7630574      1.4371659      7.4349304      4.8315907      0.0214224      0.0210840      0.0219630
      0.9652712    484.5270434     20.0782985     23.0562926      0.3876568      0.3110393      0.2939969     -0.0425115      1.5721414      1.0693714      2.8714263      0.1958906      2.9155974     -1.8840945      1.5853078      8.3016296      5.3405181      0.0195672      0.0193799      0.0202301
      0.9859788    494.9214106     20.1158853     23.1154875      0.3551181      0.2929180      0.2737067     -0.0363199      1.5776240      1.0323560      2.7265677      0.1870956      2.6724559     -2.0236696      1.7556449      9.4237785      5.9898249      0.0177853      0.0177180      0.0187951
      1.0071332    505.5400526     20.1503839     23.1700017      0.3217434      0.2750482      0.2527805     -0.0300516      1.5827417      0.9963936      2.5826021      0.1779118      2.4621019     -2.1562239      1.9600133     10.7454699      6.8847536      0.0161426      0.0160957      0.0174654
      1.0287467    516.3891513     20.1818707     23.2199135      0.2884086      0.2569536      0.2313595     -0.0241403      1.5875946      0.9618624      2.4227473      0.1676707      2.2391024     -2.2687732      2.1846375     12.3166440      7.9483791      0.0145060      0.0144721      0.0161053
      1.0508330    527.4755694     20.2097452     23.2642326      0.2553253      0.2385729      0.2088132     -0.0190667      1.5923165      0.9276337      2.2348205      0.1555748      1.8896638     -2.3468458      2.4558631     13.9143533      9.4370126      0.0129418      0.0128616      0.0145167
      1.0734072    538.8069310     20.2320663     23.2998232      0.2273646      0.2202287      0.1867760     -0.0150852      1.5966329      0.8943789      2.0384457      0.1427145      1.4825865     -2.4056557      2.7848409     15.6883567     11.5180996      0.0114066      0.0114523      0.0127881
      1.0964862    550.3916462     20.2497111     23.3280288      0.2030306      0.2026263      0.1650419     -0.0117879      1.6004186      0.8597253      1.8447572      0.1298148      1.1876599     -2.4457830      3.1628907     17.9592113     14.2163118      0.0099151      0.0101383      0.0113388
      1.1200881    562.2388607     20.2639501     23.3508405      0.1806074      0.1860744      0.1457360     -0.0089795      1.6037027      0.8320077      1.6546608      0.1168473      0.9542903     -2.3625301      3.6644349     20.1462579     18.5649653      0.0086086      0.0088006      0.0101440
      1.1442325    574.3583305     20.2752370     23.3689571      0.1593973      0.1698045      0.1298784     -0.0066155      1.6064778      0.8004934      1.4742330      0.1043358      0.7565376     -2.1569387      4.2531309     21.8587129     24.4063636      0.0073869      0.0075552      0.0090318
      1.1689394    586.7602352     20.2841725     23.3833220      0.1402780      0.1532424      0.1145755     -0.0046079      1.6087656      0.7736882      1.2967477      0.0920235      0.5864491     -1.8585261      4.9184549     22.7568125     31.9069497      0.0062374      0.0063759      0.0076981
      1.1942298    599.4549633     20.2908946     23.3941426      0.1236140      0.1375443      0.0986117     -0.0030851      1.6106353      0.7495955      1.1221091      0.0801647      0.4304980     -1.5362152      5.5965755     23.0780078     40.0580777      0.0051521      0.0052497      0.0063306
      1.2201242    612.4529062     20.2957858     23.4020241      0.1091599      0.1231274      0.0841916     -0.0020254      1.6121285      0.7277421      0.9574447      0.0689261      0.3114425     -0.9866181      6.4436163     21.7253342     51.8437703      0.0043379      0.0042677      0.0050726
      1.2466431    625.7642988     20.2993243     23.4077308      0.0961344      0.1103153      0.0724548     -0.0012786      1.6133201      0.7114409      0.8059338      0.0585926      0.2226857     -0.4462996      7.5153942     18.4893623     69.0340373      0.0034614      0.0034863      0.0040504
      1.2738063    639.3991246     20.3017636     23.4116673      0.0853984      0.0991573      0.0619988     -0.0007712      1.6142736      0.6981533      0.6578909      0.0486109      0.1416291      0.1149526      9.1268437     12.7071584    101.2753744      0.0027065      0.0027913      0.0032269
      1.3016331    653.3670923     20.3031500     23.4139058      0.0771330      0.0898363      0.0537212     -0.0005245      1.6150067      0.6856127      0.5270759      0.0397222      0.0687677      0.3113626     11.6580057     10.5700157    168.4922806      0.0021688      0.0021979      0.0025874
      1.3301426    667.6776711     20.3037584     23.4148885      0.0703794      0.0821886      0.0476688     -0.0004341      1.6154744      0.6768909      0.4284429      0.0333950      0.0309376      0.2778834     13.5822780      8.7580002    224.3677932      0.0017791      0.0016881      0.0021689
      1.3593531    682.3401645     20.3041056     23.4154494      0.0647042      0.0750571      0.0431351     -0.0003714      1.6157593      0.6672749      0.3678682      0.0292291      0.0215714      0.3322635     16.2473102      6.7337139    326.1389542      0.0014726      0.0012924      0.0017477
      1.3892831    697.3638000     20.3043315     23.4158145      0.0602401      0.0685970      0.0393163     -0.0003094      1.6159855      0.6581574      0.3046410      0.0251105      0.0094861      0.3353504     19.6811071      6.1876677    487.1577435      0.0011390      0.0008990      0.0012701
      1.4199509    712.7578169     20.3043630     23.4158655      0.0565685      0.0627406      0.0346203     -0.0003036      1.6161949      0.6519863      0.2286332      0.0207915     -0.0019582      0.2536061     24.8030887      6.0324919    841.8839035      0.0008760      0.0006369      0.0007508
      1.4513752    728.5315409     20.3043153     23.4157883      0.0529438      0.0577949      0.0297475     -0.0002961      1.6163378      0.6421588      0.1673270      0.0175200     -0.0048424      0.0598783     28.3143702      4.4249136   1216.7023938      0.0007010      0.0003906      0.0004087
      1.4835748    744.6944416     20.3042555     23.4156916      0.0497833      0.0537681      0.0267938     -0.0002824      1.6164277      0.6382286      0.1143916      0.0153298     -0.0025410     -0.0850059     23.4226630      4.3021102   1177.2801004      0.0003556      0.0001791      0.0002486
      1.5165690    761.2561729     20.3042466     23.4156773      0.0471557      0.0503524      0.0246700     -0.0002623      1.6164717      0.6332393      0.0780002      0.0140706     -0.0003034     -0.1851873      7.8269771      3.0676353    444.3571004      0.0001192      0.0000587      0.0001120
      1.5503773    778.2266006     20.3042435     23.4156722      0.0448423      0.0473864      0.0228566     -0.0002475      1.6164900      0.6261186      0.0689222      0.0136620      0.0011845     -0.2699738      0.3085377      3.1477617     87.3388975      0.0000478      0.0000130      0.0000556
      1.5850200    795.6158212     20.3042751     23.4157233      0.0428720      0.0448033      0.0213122     -0.0002413      1.6164825      0.6250932      0.0684371      0.0136272      0.0018319     -0.3370848      0.1313015      1.6955716     84.5741168      0.0000404      0.0000082      0.0000491
      1.6205176    813.4341742     20.3042905     23.4157482      0.0410795      0.0425709      0.0199705     -0.0002349      1.6164798      0.6213685      0.0680442      0.0135444      0.0018438     -0.4006658      0.1317533      4.1848998     88.5370207      0.0000402      0.0000081      0.0000492
      1.6568912    831.6922514     20.3043204     23.4157966      0.0395255      0.0404633      0.0187755     -0.0002323      1.6164665      0.6179498      0.0676639      0.0134702      0.0006172     -0.4484104      0.1398985      5.5179815     90.5338019      0.0000404      0.0000082      0.0000492
      1.6941625    850.4009052     20.3043086     23.4157774      0.0381059      0.0387624      0.0177462     -0.0002340      1.6164811      0.6182762      0.0677021      0.0134770     -0.0001841     -0.4862073      0.1375887      2.7201427     89.9261197      0.0000403      0.0000082      0.0000491
      1.7323535    869.5712552     20.3043081     23.4157766      0.0368620      0.0371407      0.0168293     -0.0002327      1.6164819      0.6161301      0.0674779      0.0134292     -0.0027518     -0.5197189      0.1456897      2.6072620     87.2732188      0.0000405      0.0000084      0.0000493
      1.7714870    889.2146953     20.3042386     23.4156644      0.0357360      0.0357179      0.0160110     -0.0002368      1.6165061      0.6159412      0.0674604      0.0134249     -0.0040629     -0.5420915      0.1296196      0.4947030     88.2415037      0.0000405      0.0000084      0.0000493
      1.8115863    909.3429005     20.3042117     23.4156208      0.0346774      0.0344542      0.0153263     -0.0002348      1.6165190      0.6138561      0.0672131      0.0133808     -0.0014555     -0.5662712      0.1248233      4.3761073     94.4085058      0.0000404      0.0000085      0.0000491
      1.8526751    929.9678340     20.3041780     23.4155664      0.0337047      0.0332470      0.0146907     -0.0002344      1.6165403      0.6131628      0.0671574      0.0133636     -0.0038220     -0.5853703      0.1331094      7.3208703     93.9722312      0.0000404      0.0000085      0.0000491
      1.8947779    951.1017543     20.3041128     23.4154609      0.0328249      0.0322520      0.0141219     -0.0002324      1.6165631      0.6128989      0.0671226      0.0133584     -0.0043613     -0.5976858      0.1195493      8.6860867     94.1885548      0.0000402      0.0000086      0.0000490
      1.9379198    972.7572220     20.3040685     23.4153893      0.0319610      0.0313619      0.0136718     -0.0002303      1.6165810      0.6116244      0.0669702      0.0133319     -0.0021728     -0.5951946      0.1048666     -3.0460495     92.3718389      0.0000400      0.0000086      0.0000489
      1.9821263    994.9471082     20.3040414     23.4153455      0.0312368      0.0305514      0.0132705     -0.0002269      1.6165931      0.6078488      0.0665515      0.0132498     -0.0025781     -0.6055762      0.1084245      1.3217615     96.9419753      0.0000399      0.0000087      0.0000483
      2.0274238   1017.6846013     20.3039939     23.4152688      0.0305528      0.0300050      0.0129586     -0.0002288      1.6166070      0.6073062      0.0664908      0.0132379     -0.0034847     -0.6049383      0.1046075      3.9276755     95.6065301      0.0000395      0.0000087      0.0000477
      2.0738391   1040.9832154     20.3039511     23.4151996      0.0299000      0.0294604      0.0126697     -0.0002260      1.6166168      0.6051600      0.0662270      0.0131935     -0.0026738     -0.5944048      0.0926109      3.0058142     95.6151519      0.0000391      0.0000086      0.0000471
      2.1213999   1064.8567977     20.3039184     23.4151466      0.0293659      0.0290792      0.0124748     -0.0002301      1.6166316      0.6038464      0.0661141      0.0131624     -0.0021917     -0.5912951      0.0898265      4.6546319     97.7751657      0.0000386      0.0000087      0.0000466
      2.1701344   1089.3195376     20.3038977     23.4151131      0.0288319      0.0288503      0.0123309     -0.0002294      1.6166360      0.6033106      0.0660620      0.0131496      0.0000709     -0.5873479      0.1045163     -0.3792656    100.6610904      0.0000383      0.0000087      0.0000460
      2.2200716   1114.3859745     20.3039275     23.4151614      0.0282376      0.0283768      0.0122303     -0.0002257      1.6166199      0.6006479      0.0657374      0.0130944      0.0038473     -0.5832663      0.1014769      4.4720560    103.5236941      0.0000377      0.0000086      0.0000452
      2.2712411   1140.0710063     20.3040044     23.4152857      0.0277123      0.0279737      0.0121749     -0.0002194      1.6165899      0.5968351      0.0653242      0.0130109      0.0072528     -0.5882418      0.1176098      5.3450144    104.4972968      0.0000372      0.0000085      0.0000442
      2.3236734   1166.3898990     20.3041202     23.4154729      0.0271721      0.0276621      0.0121523     -0.0002141      1.6165480      0.5934923      0.0649689      0.0129378      0.0082265     -0.5854977      0.1134087     -7.9677811    106.8014199      0.0000364      0.0000085      0.0000436
      2.3773997   1193.3582949     20.3042167     23.4156288      0.0266973      0.0274110      0.0121394     -0.0002093      1.6165062      0.5909631      0.0646606      0.0128857      0.0047309     -0.5835089      0.1089932    -11.9589981    109.6373030      0.0000358      0.0000084      0.0000428
      2.4324518   1220.9922216     20.3042571     23.4156943      0.0261338      0.0271203      0.0120891     -0.0002013      1.6164896      0.5847523      0.0639811      0.0127503      0.0019346     -0.5956027      0.1128465      0.6857474    117.0392507      0.0000349      0.0000083      0.0000421
      2.4888624   1249.3081007     20.3042853     23.4157398      0.0257195      0.0267173      0.0121166     -0.0001948      1.6164727      0.5811844      0.0636014      0.0126718      0.0022624     -0.6115788      0.1131736      7.7723810    121.4937419      0.0000342      0.0000083      0.0000412
      2.5466652   1278.3227533     20.3043117     23.4157824      0.0253352      0.0262464      0.0121191     -0.0001913      1.6164554      0.5784966      0.0633032      0.0126134      0.0003883     -0.6100405      0.1264396     -3.4077566    121.6790556      0.0000334      0.0000081      0.0000403
      2.6058944   1308.0534000     20.3042826     23.4157354      0.0250611      0.0257296      0.0121828     -0.0001858      1.6164543      0.5786874      0.0633142      0.0126182     -0.0043595     -0.6154649      0.1304083     -1.7440939    125.4856830      0.0000325      0.0000081      0.0000392
      2.6665850   1338.5176443     20.3041857     23.4155788      0.0248362      0.0252462      0.0121903     -0.0001838      1.6164785      0.5804696      0.0635035      0.0126570     -0.0096696     -0.6152879      0.1302787      5.9819666    125.4522147      0.0000314      0.0000079      0.0000382
      2.7287729   1369.7334210     20.3040293     23.4153259      0.0247596      0.0249544      0.0122359     -0.0001884      1.6165230      0.5843711      0.0639082      0.0127428     -0.0098206     -0.5979979      0.1442255     -7.0494859    117.4459607      0.0000303      0.0000078      0.0000372
      2.7924941   1401.7188653     20.3038991     23.4151155      0.0247213      0.0246949      0.0123057     -0.0001947      1.6165590      0.5926490      0.0648033      0.0129237     -0.0116618     -0.5803975      0.1418361      0.4483881    109.4233178      0.0000294      0.0000077      0.0000359
      2.8577845   1434.4920311     20.3037012     23.4147956      0.0246901      0.0244044      0.0123387     -0.0001997      1.6166174      0.5955298      0.0651161      0.0129854     -0.0126318     -0.5866695      0.1610729      3.3459196    110.6325115      0.0000283      0.0000077      0.0000347
      2.9246790   1468.0703328     20.3035667     23.4145781      0.0246688      0.0240276      0.0124952     -0.0002035      1.6166584      0.5989842      0.0655017      0.0130594     -0.0066825     -0.5786974      0.1655224     -3.2561412    105.7870086      0.0000269      0.0000075      0.0000329
      2.9932088   1502.4695306     20.3034760     23.4144315      0.0245112      0.0239684      0.0124980     -0.0002024      1.6166798      0.5956962      0.0651392      0.0129881     -0.0086002     -0.5588220      0.1428410     -1.0739298    107.0850391      0.0000259      0.0000074      0.0000315
      3.0633987   1537.7020266     20.3033227     23.4141837      0.0245088      0.0238017      0.0126875     -0.0002080      1.6167291      0.6011359      0.0657343      0.0131064     -0.0102488     -0.5287346      0.1309097      0.8623399    102.8684141      0.0000241      0.0000073      0.0000295
      3.1352615   1573.7742349     20.3032367     23.4140447      0.0244665      0.0237958      0.0128771     -0.0002097      1.6167442      0.6027938      0.0659294      0.0131410      0.0005812     -0.5054917      0.1326716     -2.4036949    101.8382738      0.0000230      0.0000072      0.0000280
      3.2087906   1610.6828670     20.3033034     23.4141524      0.0243969      0.0235661      0.0131725     -0.0002049      1.6167074      0.6040200      0.0660615      0.0131690      0.0034584     -0.4717234      0.1070863     -0.2702457     99.3291730      0.0000205      0.0000071      0.0000251
      3.2839507   1648.4101812     20.3032780     23.4141114      0.0244108      0.0234383      0.0135740     -0.0001973      1.6167096      0.6033654      0.0659884      0.0131553     -0.0064779     -0.4390134      0.0812437     -6.9962579    103.2334277      0.0000181      0.0000070      0.0000222
      3.3606669   1686.9185891     20.3031553     23.4139131      0.0243217      0.0228071      0.0139124     -0.0001772      1.6167105      0.5990041      0.0654996      0.0130609     -0.0078871     -0.4237957      0.0771997     -9.8271490    107.1987604      0.0000144      0.0000069      0.0000175
      3.4388143   1726.1454207     20.3030884     23.4138048      0.0247056      0.0215181      0.0146950     -0.0001609      1.6166988      0.6157266      0.0672896      0.0134290     -0.0017895     -0.3836166      0.0694217      5.0793870     91.3850797      0.0000118      0.0000068      0.0000149
      3.5182103   1765.9990134     20.3031136     23.4138048      0.0251087      0.0204086      0.0153965     -0.0001549      1.6166984      0.6396451      0.0699157      0.0139501      0.0004898     -0.3478260      0.0598354      2.7115863     76.6542778      0.0000764      0.0000066      0.0001087
